2551.608 1.00000 0.00000000
3743.768 1.00000 0.00000000
4466.428 1.00000 0.00000000
8002.818 1.00000 0.00000000
11559.568 1.00000 0.00000000
11767.448 1.00000 0.00000000
20055.478 1.00000 0.00000000
20643.478 1.00000 0.00000000
21954.188 1.00000 0.00000000
22795.388 1.00000 0.00000000
23926.358 1.00000 0.00000000
25755.458 1.00000 0.00000000
26618.868 1.00000 0.00000000
27692.178 1.00000 0.00000000
39736.978 1.00000 0.00000000
40244.628 1.00000 0.00000000
45228.988 1.00000 0.00000000
47664.128 1.00000 0.00000000
51150.908 1.00000 0.00000000
55623.628 1.00000 0.00000000
57116.428 1.00000 0.00000000
58657.538 1.00000 0.00000000
68205.248 1.00000 0.00000000
68219.258 1.00000 0.00000000
69175.448 1.00000 0.00000000
73076.968 1.00000 0.00000000
78283.178 1.00000 0.00000000
