3635.208 1.00000 0.00000000
3729.658 1.00000 0.00000000
6069.198 1.00000 0.00000000
6618.978 1.00000 0.00000000
7874.438 1.00000 0.00000000
9767.488 1.00000 0.00000000
14861.838 1.00000 0.00000000
20064.218 1.00000 0.00000000
22789.098 1.00000 0.00000000
23903.258 1.00000 0.00000000
26604.368 1.00000 0.00000000
29863.008 1.00000 0.00000000
30707.708 1.00000 0.00000000
32758.528 1.00000 0.00000000
33884.488 1.00000 0.00000000
37701.258 1.00000 0.00000000
38710.318 1.00000 0.00000000
39718.178 1.00000 0.00000000
47432.218 1.00000 0.00000000
52741.858 1.00000 0.00000000
57170.448 1.00000 0.00000000
66519.278 1.00000 0.00000000
66544.148 1.00000 0.00000000
78410.418 1.00000 0.00000000
79253.048 1.00000 0.00000000
82306.398 1.00000 0.00000000
83871.928 1.00000 0.00000000
