3624.948 1.00000 0.00000000
3704.018 1.00000 0.00000000
6052.958 1.00000 0.00000000
6606.178 1.00000 0.00000000
7858.168 1.00000 0.00000000
9757.808 1.00000 0.00000000
14831.998 1.00000 0.00000000
20045.078 1.00000 0.00000000
22777.768 1.00000 0.00000000
23893.408 1.00000 0.00000000
26596.718 1.00000 0.00000000
29824.018 1.00000 0.00000000
30664.918 1.00000 0.00000000
32738.338 1.00000 0.00000000
33866.218 1.00000 0.00000000
34699.288 1.00000 0.00000000
35919.928 1.00000 0.00000000
37678.028 1.00000 0.00000000
38395.978 1.00000 0.00000000
38687.378 1.00000 0.00000000
38857.838 1.00000 0.00000000
39711.158 1.00000 0.00000000
43308.738 1.00000 0.00000000
47380.508 1.00000 0.00000000
52004.588 1.00000 0.00000000
52725.938 1.00000 0.00000000
53768.028 1.00000 0.00000000
57148.288 1.00000 0.00000000
66507.788 1.00000 0.00000000
78392.678 1.00000 0.00000000
78505.268 1.00000 0.00000000
79240.868 1.00000 0.00000000
82299.318 1.00000 0.00000000
83644.668 1.00000 0.00000000
83755.038 1.00000 0.00000000
83860.478 1.00000 0.00000000
86106.968 1.00000 0.00000000
