3681.710 1.00000 0.00000000
3744.690 1.00000 0.00000000
4459.990 1.00000 0.00000000
9495.040 1.00000 0.00000000
11763.980 1.00000 0.00000000
13868.570 1.00000 0.00000000
15066.670 1.00000 0.00000000
20641.560 1.00000 0.00000000
25754.970 1.00000 0.00000000
26603.140 1.00000 0.00000000
28355.980 1.00000 0.00000000
34699.030 1.00000 0.00000000
49817.980 1.00000 0.00000000
50193.960 1.00000 0.00000000
51160.000 1.00000 0.00000000
57110.520 1.00000 0.00000000
57348.880 1.00000 0.00000000
58661.260 1.00000 0.00000000
61745.830 1.00000 0.00000000
73072.940 1.00000 0.00000000
76532.010 1.00000 0.00000000
78505.990 1.00000 0.00000000
