2150.228 1.00000 0.00000000
5030.658 1.00000 0.00000000
5800.088 1.00000 0.00000000
6184.138 1.00000 0.00000000
8705.228 1.00000 0.00000000
9164.018 1.00000 0.00000000
9302.848 1.00000 0.00000000
11892.708 1.00000 0.00000000
12404.168 1.00000 0.00000000
13198.978 1.00000 0.00000000
15632.538 1.00000 0.00000000
17143.998 1.00000 0.00000000
18153.038 1.00000 0.00000000
22389.928 1.00000 0.00000000
24954.968 1.00000 0.00000000
26436.578 1.00000 0.00000000
27203.068 1.00000 0.00000000
27224.358 1.00000 0.00000000
29825.348 1.00000 0.00000000
30028.138 1.00000 0.00000000
31262.748 1.00000 0.00000000
34362.008 1.00000 0.00000000
35127.718 1.00000 0.00000000
36277.558 1.00000 0.00000000
37681.658 1.00000 0.00000000
38321.468 1.00000 0.00000000
38395.018 1.00000 0.00000000
43012.148 1.00000 0.00000000
45163.508 1.00000 0.00000000
45491.028 1.00000 0.00000000
46264.938 1.00000 0.00000000
47383.328 1.00000 0.00000000
48264.748 1.00000 0.00000000
51046.048 1.00000 0.00000000
51456.018 1.00000 0.00000000
52589.998 1.00000 0.00000000
53770.908 1.00000 0.00000000
54992.768 1.00000 0.00000000
55276.028 1.00000 0.00000000
57166.048 1.00000 0.00000000
58246.588 1.00000 0.00000000
58982.208 1.00000 0.00000000
60872.918 1.00000 0.00000000
62039.058 1.00000 0.00000000
64463.668 1.00000 0.00000000
64698.608 1.00000 0.00000000
68799.978 1.00000 0.00000000
73339.298 1.00000 0.00000000
74379.938 1.00000 0.00000000
74519.888 1.00000 0.00000000
75773.018 1.00000 0.00000000
78254.028 1.00000 0.00000000
81614.028 1.00000 0.00000000
82080.778 1.00000 0.00000000
83752.668 1.00000 0.00000000
85232.828 1.00000 0.00000000
85475.988 1.00000 0.00000000
