2174.818 1.00000 0.00000000
5036.298 1.00000 0.00000000
5813.568 1.00000 0.00000000
6196.098 1.00000 0.00000000
8744.908 1.00000 0.00000000
9169.318 1.00000 0.00000000
11898.658 1.00000 0.00000000
12417.478 1.00000 0.00000000
13211.758 1.00000 0.00000000
15651.498 1.00000 0.00000000
18194.118 1.00000 0.00000000
22399.098 1.00000 0.00000000
26452.368 1.00000 0.00000000
27211.848 1.00000 0.00000000
27233.158 1.00000 0.00000000
29865.118 1.00000 0.00000000
30036.078 1.00000 0.00000000
31269.318 1.00000 0.00000000
34405.668 1.00000 0.00000000
35134.198 1.00000 0.00000000
36284.008 1.00000 0.00000000
37709.138 1.00000 0.00000000
38335.198 1.00000 0.00000000
43022.998 1.00000 0.00000000
45171.378 1.00000 0.00000000
45506.468 1.00000 0.00000000
46281.578 1.00000 0.00000000
51059.628 1.00000 0.00000000
52602.368 1.00000 0.00000000
53795.598 1.00000 0.00000000
55001.538 1.00000 0.00000000
55317.738 1.00000 0.00000000
57193.848 1.00000 0.00000000
58251.458 1.00000 0.00000000
59007.288 1.00000 0.00000000
60887.148 1.00000 0.00000000
62057.898 1.00000 0.00000000
64469.568 1.00000 0.00000000
64704.388 1.00000 0.00000000
74388.908 1.00000 0.00000000
74529.058 1.00000 0.00000000
75797.288 1.00000 0.00000000
81621.898 1.00000 0.00000000
82090.548 1.00000 0.00000000
83760.868 1.00000 0.00000000
85239.538 1.00000 0.00000000
85489.088 1.00000 0.00000000
