1434.518 1.00000 0.00000000
4737.128 1.00000 0.00000000
7286.508 1.00000 0.00000000
9502.008 1.00000 0.00000000
13699.018 1.00000 0.00000000
20040.378 1.00000 0.00000000
22781.248 1.00000 0.00000000
22981.038 1.00000 0.00000000
23908.738 1.00000 0.00000000
26607.608 1.00000 0.00000000
27206.088 1.00000 0.00000000
27217.328 1.00000 0.00000000
34699.038 1.00000 0.00000000
35284.758 1.00000 0.00000000
35917.078 1.00000 0.00000000
37679.458 1.00000 0.00000000
38395.018 1.00000 0.00000000
38858.058 1.00000 0.00000000
47386.958 1.00000 0.00000000
50078.978 1.00000 0.00000000
52004.018 1.00000 0.00000000
62922.748 1.00000 0.00000000
64717.188 1.00000 0.00000000
71785.038 1.00000 0.00000000
75774.938 1.00000 0.00000000
78504.028 1.00000 0.00000000
81529.998 1.00000 0.00000000
83756.128 1.00000 0.00000000
85645.958 1.00000 0.00000000
86107.298 1.00000 0.00000000
