5040.738 1.00000 0.00000000
8737.158 1.00000 0.00000000
9176.728 1.00000 0.00000000
9530.748 1.00000 0.00000000
11900.198 1.00000 0.00000000
12408.728 1.00000 0.00000000
17843.008 1.00000 0.00000000
18185.748 1.00000 0.00000000
22398.788 1.00000 0.00000000
23929.018 1.00000 0.00000000
26983.938 1.00000 0.00000000
27223.338 1.00000 0.00000000
32064.128 1.00000 0.00000000
32748.168 1.00000 0.00000000
35136.348 1.00000 0.00000000
36286.198 1.00000 0.00000000
36303.868 1.00000 0.00000000
36828.858 1.00000 0.00000000
41485.798 1.00000 0.00000000
45179.608 1.00000 0.00000000
45487.408 1.00000 0.00000000
51055.448 1.00000 0.00000000
52721.758 1.00000 0.00000000
53780.898 1.00000 0.00000000
60888.038 1.00000 0.00000000
62141.358 1.00000 0.00000000
63041.628 1.00000 0.00000000
64709.008 1.00000 0.00000000
70480.728 1.00000 0.00000000
73344.478 1.00000 0.00000000
74390.198 1.00000 0.00000000
74520.158 1.00000 0.00000000
75190.178 1.00000 0.00000000
79696.448 1.00000 0.00000000
81251.218 1.00000 0.00000000
81624.678 1.00000 0.00000000
82081.148 1.00000 0.00000000
85239.868 1.00000 0.00000000
85558.688 1.00000 0.00000000
