5032.488 1.00000 0.00000000
8701.088 1.00000 0.00000000
9168.468 1.00000 0.00000000
9502.028 1.00000 0.00000000
11893.298 1.00000 0.00000000
12400.018 1.00000 0.00000000
17837.438 1.00000 0.00000000
18148.018 1.00000 0.00000000
22389.698 1.00000 0.00000000
23908.848 1.00000 0.00000000
26968.988 1.00000 0.00000000
27208.818 1.00000 0.00000000
29825.948 1.00000 0.00000000
32048.488 1.00000 0.00000000
32729.568 1.00000 0.00000000
35128.868 1.00000 0.00000000
36278.668 1.00000 0.00000000
36296.098 1.00000 0.00000000
36804.838 1.00000 0.00000000
37492.308 1.00000 0.00000000
41472.468 1.00000 0.00000000
45168.218 1.00000 0.00000000
45480.808 1.00000 0.00000000
51044.468 1.00000 0.00000000
52714.278 1.00000 0.00000000
53762.658 1.00000 0.00000000
60873.098 1.00000 0.00000000
62133.038 1.00000 0.00000000
63011.078 1.00000 0.00000000
64466.298 1.00000 0.00000000
64701.088 1.00000 0.00000000
68810.768 1.00000 0.00000000
70462.618 1.00000 0.00000000
73336.498 1.00000 0.00000000
74380.988 1.00000 0.00000000
74514.608 1.00000 0.00000000
75171.338 1.00000 0.00000000
79680.018 1.00000 0.00000000
81232.058 1.00000 0.00000000
81610.998 1.00000 0.00000000
82075.478 1.00000 0.00000000
83751.688 1.00000 0.00000000
85232.328 1.00000 0.00000000
85532.028 1.00000 0.00000000
