6069.638 1.00000 0.00000000
6613.408 1.00000 0.00000000
9514.398 1.00000 0.00000000
9776.478 1.00000 0.00000000
14871.108 1.00000 0.00000000
18191.988 1.00000 0.00000000
20072.948 1.00000 0.00000000
22007.798 1.00000 0.00000000
22800.878 1.00000 0.00000000
25731.958 1.00000 0.00000000
26618.828 1.00000 0.00000000
32753.128 1.00000 0.00000000
33886.968 1.00000 0.00000000
34403.998 1.00000 0.00000000
37508.828 1.00000 0.00000000
37994.728 1.00000 0.00000000
38709.918 1.00000 0.00000000
45501.568 1.00000 0.00000000
52727.878 1.00000 0.00000000
53784.368 1.00000 0.00000000
53868.458 1.00000 0.00000000
55724.218 1.00000 0.00000000
57167.578 1.00000 0.00000000
60908.188 1.00000 0.00000000
63044.558 1.00000 0.00000000
66519.148 1.00000 0.00000000
70474.268 1.00000 0.00000000
75187.618 1.00000 0.00000000
75770.258 1.00000 0.00000000
79242.738 1.00000 0.00000000
79672.318 1.00000 0.00000000
81250.238 1.00000 0.00000000
82094.528 1.00000 0.00000000
82311.778 1.00000 0.00000000
85555.368 1.00000 0.00000000
