6053.498 1.00000 0.00000000
6603.058 1.00000 0.00000000
9494.578 1.00000 0.00000000
9762.578 1.00000 0.00000000
11893.048 1.00000 0.00000000
14835.598 1.00000 0.00000000
18151.758 1.00000 0.00000000
20049.568 1.00000 0.00000000
21992.658 1.00000 0.00000000
22783.878 1.00000 0.00000000
25722.698 1.00000 0.00000000
26605.118 1.00000 0.00000000
29823.908 1.00000 0.00000000
32738.548 1.00000 0.00000000
33867.608 1.00000 0.00000000
34360.088 1.00000 0.00000000
35917.078 1.00000 0.00000000
37498.718 1.00000 0.00000000
37681.068 1.00000 0.00000000
37975.528 1.00000 0.00000000
38394.488 1.00000 0.00000000
38686.048 1.00000 0.00000000
45490.008 1.00000 0.00000000
47383.058 1.00000 0.00000000
52004.018 1.00000 0.00000000
52717.648 1.00000 0.00000000
53764.598 1.00000 0.00000000
53852.648 1.00000 0.00000000
55710.398 1.00000 0.00000000
57145.818 1.00000 0.00000000
60884.418 1.00000 0.00000000
63013.078 1.00000 0.00000000
64711.378 1.00000 0.00000000
66507.838 1.00000 0.00000000
70459.878 1.00000 0.00000000
73339.038 1.00000 0.00000000
75171.358 1.00000 0.00000000
75757.988 1.00000 0.00000000
79235.428 1.00000 0.00000000
79666.318 1.00000 0.00000000
81232.038 1.00000 0.00000000
82083.028 1.00000 0.00000000
82303.348 1.00000 0.00000000
83755.018 1.00000 0.00000000
85530.198 1.00000 0.00000000
