590.440 1.00000 0.00000000
3031.820 1.00000 0.00000000
7778.790 1.00000 0.00000000
11806.130 1.00000 0.00000000
20962.180 1.00000 0.00000000
22980.600 1.00000 0.00000000
27199.850 1.00000 0.00000000
31169.200 1.00000 0.00000000
31365.000 1.00000 0.00000000
37025.520 1.00000 0.00000000
38185.890 1.00000 0.00000000
38208.140 1.00000 0.00000000
38992.700 1.00000 0.00000000
39485.010 1.00000 0.00000000
42848.020 1.00000 0.00000000
43166.660 1.00000 0.00000000
48902.140 1.00000 0.00000000
57169.440 1.00000 0.00000000
57486.280 1.00000 0.00000000
63952.280 1.00000 0.00000000
64728.950 1.00000 0.00000000
71784.630 1.00000 0.00000000
74222.510 1.00000 0.00000000
74236.610 1.00000 0.00000000
77121.440 1.00000 0.00000000
81954.510 1.00000 0.00000000
83172.040 1.00000 0.00000000
85655.530 1.00000 0.00000000
