594.110 1.00000 0.00000000
3043.270 1.00000 0.00000000
7793.770 1.00000 0.00000000
11813.060 1.00000 0.00000000
20968.210 1.00000 0.00000000
22983.950 1.00000 0.00000000
31170.510 1.00000 0.00000000
31375.240 1.00000 0.00000000
38188.170 1.00000 0.00000000
38210.370 1.00000 0.00000000
38993.570 1.00000 0.00000000
39498.680 1.00000 0.00000000
42866.680 1.00000 0.00000000
43169.800 1.00000 0.00000000
48909.270 1.00000 0.00000000
56360.570 1.00000 0.00000000
57217.330 1.00000 0.00000000
57487.130 1.00000 0.00000000
63952.690 1.00000 0.00000000
64749.850 1.00000 0.00000000
74224.180 1.00000 0.00000000
74237.930 1.00000 0.00000000
77139.960 1.00000 0.00000000
81955.700 1.00000 0.00000000
83172.960 1.00000 0.00000000
85658.420 1.00000 0.00000000
