15.300 1.00000 0.00000000
215.000 1.00000 0.00000000
872.900 1.00000 0.00000000
1437.990 1.00000 0.00000000
2719.400 1.00000 0.00000000
2828.600 1.00000 0.00000000
3171.350 1.00000 0.00000000
3298.670 1.00000 0.00000000
3500.610 1.00000 0.00000000
3955.070 1.00000 0.00000000
4098.110 1.00000 0.00000000
4916.570 1.00000 0.00000000
4983.520 1.00000 0.00000000
5509.800 1.00000 0.00000000
5891.760 1.00000 0.00000000
5913.480 1.00000 0.00000000
5947.420 1.00000 0.00000000
6005.240 1.00000 0.00000000
6438.070 1.00000 0.00000000
7451.780 1.00000 0.00000000
8252.310 1.00000 0.00000000
8829.050 1.00000 0.00000000
9068.230 1.00000 0.00000000
9297.780 1.00000 0.00000000
10571.160 1.00000 0.00000000
11155.700 1.00000 0.00000000
11191.940 1.00000 0.00000000
11641.450 1.00000 0.00000000
12003.470 1.00000 0.00000000
12261.360 1.00000 0.00000000
12523.990 1.00000 0.00000000
14686.430 1.00000 0.00000000
15064.850 1.00000 0.00000000
15918.110 1.00000 0.00000000
17062.860 1.00000 0.00000000
17142.020 1.00000 0.00000000
17274.900 1.00000 0.00000000
17438.450 1.00000 0.00000000
17490.130 1.00000 0.00000000
17988.050 1.00000 0.00000000
18088.330 1.00000 0.00000000
18111.410 1.00000 0.00000000
18487.940 1.00000 0.00000000
18525.070 1.00000 0.00000000
18631.340 1.00000 0.00000000
18778.420 1.00000 0.00000000
19587.240 1.00000 0.00000000
19885.810 1.00000 0.00000000
19998.690 1.00000 0.00000000
20332.990 1.00000 0.00000000
20404.670 1.00000 0.00000000
20428.340 1.00000 0.00000000
20456.280 1.00000 0.00000000
20804.090 1.00000 0.00000000
20997.180 1.00000 0.00000000
21949.200 1.00000 0.00000000
22312.990 1.00000 0.00000000
22362.140 1.00000 0.00000000
22490.530 1.00000 0.00000000
22562.050 1.00000 0.00000000
23067.680 1.00000 0.00000000
23301.260 1.00000 0.00000000
23454.900 1.00000 0.00000000
23902.020 1.00000 0.00000000
24648.040 1.00000 0.00000000
24954.990 1.00000 0.00000000
25335.000 1.00000 0.00000000
25450.770 1.00000 0.00000000
25510.760 1.00000 0.00000000
26012.710 1.00000 0.00000000
26146.270 1.00000 0.00000000
26173.890 1.00000 0.00000000
26423.290 1.00000 0.00000000
26717.990 1.00000 0.00000000
27199.340 1.00000 0.00000000
27226.500 1.00000 0.00000000
27316.480 1.00000 0.00000000
27431.430 1.00000 0.00000000
27895.780 1.00000 0.00000000
27931.960 1.00000 0.00000000
28197.940 1.00000 0.00000000
28909.020 1.00000 0.00000000
29290.590 1.00000 0.00000000
29451.980 1.00000 0.00000000
29496.940 1.00000 0.00000000
29826.510 1.00000 0.00000000
30511.420 1.00000 0.00000000
30886.750 1.00000 0.00000000
31189.050 1.00000 0.00000000
31263.920 1.00000 0.00000000
32701.870 1.00000 0.00000000
33715.430 1.00000 0.00000000
34008.900 1.00000 0.00000000
34073.150 1.00000 0.00000000
34105.030 1.00000 0.00000000
34375.640 1.00000 0.00000000
34502.380 1.00000 0.00000000
35707.000 1.00000 0.00000000
36766.140 1.00000 0.00000000
37022.580 1.00000 0.00000000
37987.170 1.00000 0.00000000
38140.620 1.00000 0.00000000
38309.500 1.00000 0.00000000
38340.200 1.00000 0.00000000
39105.480 1.00000 0.00000000
39148.980 1.00000 0.00000000
39241.860 1.00000 0.00000000
39703.310 1.00000 0.00000000
39867.020 1.00000 0.00000000
41042.090 1.00000 0.00000000
41085.350 1.00000 0.00000000
41115.860 1.00000 0.00000000
41394.410 1.00000 0.00000000
41537.400 1.00000 0.00000000
41726.910 1.00000 0.00000000
42049.710 1.00000 0.00000000
42350.430 1.00000 0.00000000
42659.690 1.00000 0.00000000
43225.000 1.00000 0.00000000
43841.320 1.00000 0.00000000
44713.570 1.00000 0.00000000
45112.010 1.00000 0.00000000
45178.470 1.00000 0.00000000
45494.580 1.00000 0.00000000
46021.400 1.00000 0.00000000
47150.400 1.00000 0.00000000
47385.000 1.00000 0.00000000
48271.480 1.00000 0.00000000
49037.520 1.00000 0.00000000
49649.430 1.00000 0.00000000
50212.520 1.00000 0.00000000
50246.470 1.00000 0.00000000
50344.410 1.00000 0.00000000
50796.270 1.00000 0.00000000
50825.370 1.00000 0.00000000
52232.910 1.00000 0.00000000
52338.400 1.00000 0.00000000
52556.030 1.00000 0.00000000
53096.980 1.00000 0.00000000
53518.320 1.00000 0.00000000
53612.820 1.00000 0.00000000
53771.040 1.00000 0.00000000
53812.300 1.00000 0.00000000
53955.740 1.00000 0.00000000
54322.810 1.00000 0.00000000
54987.010 1.00000 0.00000000
56933.230 1.00000 0.00000000
57169.360 1.00000 0.00000000
57521.390 1.00000 0.00000000
57796.000 1.00000 0.00000000
58898.950 1.00000 0.00000000
58978.980 1.00000 0.00000000
59009.910 1.00000 0.00000000
59210.800 1.00000 0.00000000
59814.030 1.00000 0.00000000
60107.010 1.00000 0.00000000
60536.910 1.00000 0.00000000
60965.190 1.00000 0.00000000
61153.710 1.00000 0.00000000
61400.290 1.00000 0.00000000
61464.750 1.00000 0.00000000
61775.090 1.00000 0.00000000
61790.420 1.00000 0.00000000
62220.410 1.00000 0.00000000
62668.050 1.00000 0.00000000
62796.980 1.00000 0.00000000
62830.490 1.00000 0.00000000
63177.990 1.00000 0.00000000
63324.500 1.00000 0.00000000
63659.680 1.00000 0.00000000
64079.230 1.00000 0.00000000
64308.320 1.00000 0.00000000
64711.900 1.00000 0.00000000
65121.920 1.00000 0.00000000
65181.380 1.00000 0.00000000
65209.440 1.00000 0.00000000
65655.010 1.00000 0.00000000
65870.250 1.00000 0.00000000
65906.410 1.00000 0.00000000
65913.110 1.00000 0.00000000
66412.000 1.00000 0.00000000
66581.270 1.00000 0.00000000
66911.960 1.00000 0.00000000
67151.570 1.00000 0.00000000
67822.130 1.00000 0.00000000
68149.230 1.00000 0.00000000
68189.140 1.00000 0.00000000
68563.060 1.00000 0.00000000
68693.950 1.00000 0.00000000
68820.940 1.00000 0.00000000
69198.330 1.00000 0.00000000
69614.090 1.00000 0.00000000
69767.000 1.00000 0.00000000
70291.860 1.00000 0.00000000
70489.560 1.00000 0.00000000
71424.660 1.00000 0.00000000
71452.070 1.00000 0.00000000
71636.350 1.00000 0.00000000
72057.030 1.00000 0.00000000
72161.910 1.00000 0.00000000
72640.880 1.00000 0.00000000
73302.720 1.00000 0.00000000
73332.810 1.00000 0.00000000
73949.910 1.00000 0.00000000
73975.790 1.00000 0.00000000
74301.840 1.00000 0.00000000
75123.860 1.00000 0.00000000
75355.860 1.00000 0.00000000
75562.220 1.00000 0.00000000
75901.000 1.00000 0.00000000
76540.350 1.00000 0.00000000
76702.040 1.00000 0.00000000
76738.410 1.00000 0.00000000
76880.400 1.00000 0.00000000
77629.030 1.00000 0.00000000
77699.670 1.00000 0.00000000
77707.000 1.00000 0.00000000
77921.130 1.00000 0.00000000
78101.380 1.00000 0.00000000
78258.960 1.00000 0.00000000
78376.080 1.00000 0.00000000
78570.020 1.00000 0.00000000
78766.170 1.00000 0.00000000
79648.290 1.00000 0.00000000
79721.020 1.00000 0.00000000
80183.990 1.00000 0.00000000
80606.960 1.00000 0.00000000
80858.000 1.00000 0.00000000
81110.050 1.00000 0.00000000
81458.640 1.00000 0.00000000
82160.990 1.00000 0.00000000
82413.770 1.00000 0.00000000
82940.810 1.00000 0.00000000
83006.230 1.00000 0.00000000
83123.980 1.00000 0.00000000
83750.100 1.00000 0.00000000
84182.230 1.00000 0.00000000
84750.460 1.00000 0.00000000
85334.650 1.00000 0.00000000
85611.880 1.00000 0.00000000
85939.010 1.00000 0.00000000
86114.450 1.00000 0.00000000
