2559.830 1.00000 0.00000000
3680.050 1.00000 0.00000000
4464.600 1.00000 0.00000000
8016.520 1.00000 0.00000000
8136.540 1.00000 0.00000000
11769.420 1.00000 0.00000000
13874.350 1.00000 0.00000000
14825.670 1.00000 0.00000000
15067.940 1.00000 0.00000000
20640.880 1.00000 0.00000000
21088.440 1.00000 0.00000000
22797.640 1.00000 0.00000000
23934.540 1.00000 0.00000000
25763.710 1.00000 0.00000000
26624.850 1.00000 0.00000000
28364.200 1.00000 0.00000000
28387.360 1.00000 0.00000000
39741.250 1.00000 0.00000000
40863.700 1.00000 0.00000000
43805.130 1.00000 0.00000000
45243.830 1.00000 0.00000000
50190.830 1.00000 0.00000000
51163.210 1.00000 0.00000000
52136.750 1.00000 0.00000000
54552.540 1.00000 0.00000000
56824.650 1.00000 0.00000000
57119.040 1.00000 0.00000000
58382.790 1.00000 0.00000000
58669.950 1.00000 0.00000000
61742.010 1.00000 0.00000000
73075.110 1.00000 0.00000000
78281.270 1.00000 0.00000000
