2546.140 1.00000 0.00000000
3675.650 1.00000 0.00000000
4460.560 1.00000 0.00000000
8120.820 1.00000 0.00000000
9496.010 1.00000 0.00000000
11764.640 1.00000 0.00000000
13869.960 1.00000 0.00000000
14821.000 1.00000 0.00000000
14839.160 1.00000 0.00000000
15062.450 1.00000 0.00000000
20636.630 1.00000 0.00000000
21928.030 1.00000 0.00000000
22781.780 1.00000 0.00000000
23912.070 1.00000 0.00000000
25750.250 1.00000 0.00000000
26607.940 1.00000 0.00000000
28361.280 1.00000 0.00000000
39724.540 1.00000 0.00000000
40848.680 1.00000 0.00000000
43791.870 1.00000 0.00000000
47400.010 1.00000 0.00000000
49816.020 1.00000 0.00000000
50186.980 1.00000 0.00000000
51159.990 1.00000 0.00000000
52133.750 1.00000 0.00000000
54536.370 1.00000 0.00000000
57112.260 1.00000 0.00000000
58378.090 1.00000 0.00000000
58658.110 1.00000 0.00000000
61738.190 1.00000 0.00000000
73070.540 1.00000 0.00000000
76532.520 1.00000 0.00000000
78269.740 1.00000 0.00000000
