4464.410 1.00000 0.00000000
8136.630 1.00000 0.00000000
9523.430 1.00000 0.00000000
11768.890 1.00000 0.00000000
14825.660 1.00000 0.00000000
14838.420 1.00000 0.00000000
15069.420 1.00000 0.00000000
15090.770 1.00000 0.00000000
20640.080 1.00000 0.00000000
21087.950 1.00000 0.00000000
21942.990 1.00000 0.00000000
22796.250 1.00000 0.00000000
25763.760 1.00000 0.00000000
26623.410 1.00000 0.00000000
28362.610 1.00000 0.00000000
29854.350 1.00000 0.00000000
39739.360 1.00000 0.00000000
43808.970 1.00000 0.00000000
45242.910 1.00000 0.00000000
46335.760 1.00000 0.00000000
50190.790 1.00000 0.00000000
51163.040 1.00000 0.00000000
52135.290 1.00000 0.00000000
54554.060 1.00000 0.00000000
54588.670 1.00000 0.00000000
57117.210 1.00000 0.00000000
57132.590 1.00000 0.00000000
58382.060 1.00000 0.00000000
58668.830 1.00000 0.00000000
61741.030 1.00000 0.00000000
73073.540 1.00000 0.00000000
78282.750 1.00000 0.00000000
