2559.300 1.00000 0.00000000
4464.140 1.00000 0.00000000
4781.480 1.00000 0.00000000
6087.850 1.00000 0.00000000
8015.530 1.00000 0.00000000
8136.080 1.00000 0.00000000
8382.940 1.00000 0.00000000
8687.640 1.00000 0.00000000
9519.200 1.00000 0.00000000
11768.800 1.00000 0.00000000
12060.690 1.00000 0.00000000
12271.190 1.00000 0.00000000
16227.260 1.00000 0.00000000
17500.690 1.00000 0.00000000
20640.240 1.00000 0.00000000
21941.600 1.00000 0.00000000
22796.850 1.00000 0.00000000
23932.900 1.00000 0.00000000
25763.140 1.00000 0.00000000
26624.390 1.00000 0.00000000
28363.400 1.00000 0.00000000
31914.980 1.00000 0.00000000
33600.360 1.00000 0.00000000
34238.670 1.00000 0.00000000
40863.290 1.00000 0.00000000
43806.540 1.00000 0.00000000
46336.350 1.00000 0.00000000
49815.740 1.00000 0.00000000
50190.430 1.00000 0.00000000
52135.950 1.00000 0.00000000
54552.810 1.00000 0.00000000
56823.350 1.00000 0.00000000
56979.120 1.00000 0.00000000
57118.010 1.00000 0.00000000
57980.780 1.00000 0.00000000
58382.140 1.00000 0.00000000
58668.820 1.00000 0.00000000
61741.150 1.00000 0.00000000
66181.090 1.00000 0.00000000
69875.000 1.00000 0.00000000
71497.060 1.00000 0.00000000
73074.240 1.00000 0.00000000
75815.330 1.00000 0.00000000
76533.010 1.00000 0.00000000
78282.010 1.00000 0.00000000
