2546.240 1.00000 0.00000000
3675.650 1.00000 0.00000000
3745.910 1.00000 0.00000000
4460.970 1.00000 0.00000000
8119.850 1.00000 0.00000000
9496.750 1.00000 0.00000000
11765.230 1.00000 0.00000000
13869.850 1.00000 0.00000000
14821.480 1.00000 0.00000000
14834.820 1.00000 0.00000000
14839.050 1.00000 0.00000000
15061.570 1.00000 0.00000000
15077.900 1.00000 0.00000000
20637.320 1.00000 0.00000000
21071.540 1.00000 0.00000000
22782.180 1.00000 0.00000000
23912.930 1.00000 0.00000000
25751.000 1.00000 0.00000000
26608.680 1.00000 0.00000000
28361.650 1.00000 0.00000000
40848.330 1.00000 0.00000000
43790.710 1.00000 0.00000000
45222.860 1.00000 0.00000000
49813.390 1.00000 0.00000000
50187.270 1.00000 0.00000000
51143.390 1.00000 0.00000000
52134.180 1.00000 0.00000000
54535.540 1.00000 0.00000000
57112.910 1.00000 0.00000000
58378.900 1.00000 0.00000000
58659.010 1.00000 0.00000000
61738.810 1.00000 0.00000000
69869.590 1.00000 0.00000000
73071.060 1.00000 0.00000000
73084.050 1.00000 0.00000000
76530.890 1.00000 0.00000000
78269.360 1.00000 0.00000000
