2559.910 1.00000 0.00000000
4465.580 1.00000 0.00000000
8137.180 1.00000 0.00000000
8381.310 1.00000 0.00000000
8687.920 1.00000 0.00000000
9524.190 1.00000 0.00000000
11769.940 1.00000 0.00000000
15068.230 1.00000 0.00000000
15094.420 1.00000 0.00000000
20640.920 1.00000 0.00000000
21943.390 1.00000 0.00000000
22796.340 1.00000 0.00000000
23935.600 1.00000 0.00000000
25765.180 1.00000 0.00000000
26623.750 1.00000 0.00000000
26645.660 1.00000 0.00000000
28362.830 1.00000 0.00000000
39740.050 1.00000 0.00000000
40864.330 1.00000 0.00000000
43807.610 1.00000 0.00000000
47403.320 1.00000 0.00000000
47430.480 1.00000 0.00000000
50191.640 1.00000 0.00000000
52135.420 1.00000 0.00000000
54553.080 1.00000 0.00000000
55372.360 1.00000 0.00000000
57117.870 1.00000 0.00000000
58383.080 1.00000 0.00000000
58670.010 1.00000 0.00000000
60932.630 1.00000 0.00000000
64751.010 1.00000 0.00000000
73074.030 1.00000 0.00000000
73086.670 1.00000 0.00000000
78282.750 1.00000 0.00000000
