2559.270 1.00000 0.00000000
3539.550 1.00000 0.00000000
4463.780 1.00000 0.00000000
8014.350 1.00000 0.00000000
8136.730 1.00000 0.00000000
11768.560 1.00000 0.00000000
13873.920 1.00000 0.00000000
14825.290 1.00000 0.00000000
14838.780 1.00000 0.00000000
14844.730 1.00000 0.00000000
15068.950 1.00000 0.00000000
15095.660 1.00000 0.00000000
20640.180 1.00000 0.00000000
20676.670 1.00000 0.00000000
21089.300 1.00000 0.00000000
21942.900 1.00000 0.00000000
25763.960 1.00000 0.00000000
26624.550 1.00000 0.00000000
28364.290 1.00000 0.00000000
43806.380 1.00000 0.00000000
45242.250 1.00000 0.00000000
47676.900 1.00000 0.00000000
50190.050 1.00000 0.00000000
51162.840 1.00000 0.00000000
54553.180 1.00000 0.00000000
57118.640 1.00000 0.00000000
57137.600 1.00000 0.00000000
58668.680 1.00000 0.00000000
61741.100 1.00000 0.00000000
71496.560 1.00000 0.00000000
73074.750 1.00000 0.00000000
78280.970 1.00000 0.00000000
