2559.340 1.00000 0.00000000
3540.370 1.00000 0.00000000
3679.870 1.00000 0.00000000
4464.350 1.00000 0.00000000
8136.090 1.00000 0.00000000
8687.660 1.00000 0.00000000
9519.420 1.00000 0.00000000
11769.200 1.00000 0.00000000
14825.460 1.00000 0.00000000
14845.110 1.00000 0.00000000
15068.910 1.00000 0.00000000
17104.790 1.00000 0.00000000
20640.420 1.00000 0.00000000
21089.050 1.00000 0.00000000
21943.940 1.00000 0.00000000
22796.470 1.00000 0.00000000
25763.790 1.00000 0.00000000
26623.770 1.00000 0.00000000
28363.010 1.00000 0.00000000
39740.170 1.00000 0.00000000
43808.220 1.00000 0.00000000
47402.340 1.00000 0.00000000
50190.790 1.00000 0.00000000
51163.180 1.00000 0.00000000
54553.550 1.00000 0.00000000
56824.770 1.00000 0.00000000
57117.770 1.00000 0.00000000
58669.050 1.00000 0.00000000
61741.320 1.00000 0.00000000
73073.870 1.00000 0.00000000
78282.550 1.00000 0.00000000
