2559.030 1.00000 0.00000000
2579.630 1.00000 0.00000000
3679.570 1.00000 0.00000000
4463.770 1.00000 0.00000000
8014.830 1.00000 0.00000000
8137.760 1.00000 0.00000000
11768.240 1.00000 0.00000000
14824.950 1.00000 0.00000000
14839.950 1.00000 0.00000000
15069.170 1.00000 0.00000000
15094.160 1.00000 0.00000000
20639.960 1.00000 0.00000000
20676.550 1.00000 0.00000000
23933.010 1.00000 0.00000000
25762.590 1.00000 0.00000000
26623.730 1.00000 0.00000000
28363.680 1.00000 0.00000000
35334.630 1.00000 0.00000000
39740.940 1.00000 0.00000000
40864.700 1.00000 0.00000000
43808.200 1.00000 0.00000000
49704.750 1.00000 0.00000000
50190.040 1.00000 0.00000000
52136.220 1.00000 0.00000000
54553.730 1.00000 0.00000000
57118.040 1.00000 0.00000000
58668.450 1.00000 0.00000000
61740.860 1.00000 0.00000000
73074.340 1.00000 0.00000000
73085.890 1.00000 0.00000000
78281.420 1.00000 0.00000000
