2560.350 1.00000 0.00000000
4465.010 1.00000 0.00000000
8016.170 1.00000 0.00000000
8136.550 1.00000 0.00000000
8165.630 1.00000 0.00000000
11769.900 1.00000 0.00000000
13874.730 1.00000 0.00000000
14826.150 1.00000 0.00000000
14842.790 1.00000 0.00000000
15067.690 1.00000 0.00000000
16228.320 1.00000 0.00000000
20641.360 1.00000 0.00000000
20677.740 1.00000 0.00000000
21085.380 1.00000 0.00000000
25764.050 1.00000 0.00000000
26625.020 1.00000 0.00000000
28364.170 1.00000 0.00000000
50191.490 1.00000 0.00000000
51164.390 1.00000 0.00000000
52136.700 1.00000 0.00000000
54552.390 1.00000 0.00000000
57119.080 1.00000 0.00000000
58383.370 1.00000 0.00000000
58670.050 1.00000 0.00000000
61742.340 1.00000 0.00000000
64755.240 1.00000 0.00000000
71496.950 1.00000 0.00000000
73075.170 1.00000 0.00000000
78282.140 1.00000 0.00000000
