2558.470 1.00000 0.00000000
8137.930 1.00000 0.00000000
9522.170 1.00000 0.00000000
11768.290 1.00000 0.00000000
14825.450 1.00000 0.00000000
14839.610 1.00000 0.00000000
15069.810 1.00000 0.00000000
20639.670 1.00000 0.00000000
21089.190 1.00000 0.00000000
21944.520 1.00000 0.00000000
22796.210 1.00000 0.00000000
23933.700 1.00000 0.00000000
25763.020 1.00000 0.00000000
26622.710 1.00000 0.00000000
28362.870 1.00000 0.00000000
39739.560 1.00000 0.00000000
43808.840 1.00000 0.00000000
51162.280 1.00000 0.00000000
52135.390 1.00000 0.00000000
54554.020 1.00000 0.00000000
57116.960 1.00000 0.00000000
58668.320 1.00000 0.00000000
61740.550 1.00000 0.00000000
64750.470 1.00000 0.00000000
73073.540 1.00000 0.00000000
78282.170 1.00000 0.00000000
