2546.440 1.00000 0.00000000
3537.450 1.00000 0.00000000
3675.410 1.00000 0.00000000
4460.640 1.00000 0.00000000
7995.590 1.00000 0.00000000
8120.130 1.00000 0.00000000
9496.980 1.00000 0.00000000
11765.050 1.00000 0.00000000
13869.540 1.00000 0.00000000
14821.500 1.00000 0.00000000
14835.320 1.00000 0.00000000
14838.880 1.00000 0.00000000
15061.620 1.00000 0.00000000
20637.290 1.00000 0.00000000
20673.730 1.00000 0.00000000
21071.580 1.00000 0.00000000
21926.970 1.00000 0.00000000
25750.990 1.00000 0.00000000
26608.880 1.00000 0.00000000
28364.010 1.00000 0.00000000
43790.640 1.00000 0.00000000
45222.750 1.00000 0.00000000
47657.560 1.00000 0.00000000
50187.200 1.00000 0.00000000
51142.820 1.00000 0.00000000
52134.250 1.00000 0.00000000
54535.860 1.00000 0.00000000
57113.240 1.00000 0.00000000
57132.380 1.00000 0.00000000
58658.650 1.00000 0.00000000
61739.000 1.00000 0.00000000
69180.960 1.00000 0.00000000
71493.180 1.00000 0.00000000
73071.190 1.00000 0.00000000
76530.420 1.00000 0.00000000
78269.100 1.00000 0.00000000
