2559.150 1.00000 0.00000000
3679.570 1.00000 0.00000000
4463.810 1.00000 0.00000000
8135.540 1.00000 0.00000000
9508.130 1.00000 0.00000000
11768.660 1.00000 0.00000000
14825.570 1.00000 0.00000000
14838.950 1.00000 0.00000000
14845.090 1.00000 0.00000000
15068.620 1.00000 0.00000000
15084.790 1.00000 0.00000000
20640.160 1.00000 0.00000000
21086.160 1.00000 0.00000000
22796.970 1.00000 0.00000000
23934.450 1.00000 0.00000000
25762.580 1.00000 0.00000000
26623.480 1.00000 0.00000000
28363.530 1.00000 0.00000000
40863.110 1.00000 0.00000000
43808.010 1.00000 0.00000000
45243.000 1.00000 0.00000000
50190.220 1.00000 0.00000000
51163.030 1.00000 0.00000000
52136.150 1.00000 0.00000000
54553.220 1.00000 0.00000000
57117.980 1.00000 0.00000000
58381.900 1.00000 0.00000000
58669.180 1.00000 0.00000000
61741.080 1.00000 0.00000000
69875.160 1.00000 0.00000000
73074.290 1.00000 0.00000000
73087.410 1.00000 0.00000000
76532.920 1.00000 0.00000000
78281.340 1.00000 0.00000000
