2559.360 1.00000 0.00000000
3538.520 1.00000 0.00000000
3680.250 1.00000 0.00000000
4463.970 1.00000 0.00000000
8015.270 1.00000 0.00000000
8136.830 1.00000 0.00000000
11769.210 1.00000 0.00000000
14845.400 1.00000 0.00000000
15068.330 1.00000 0.00000000
15087.500 1.00000 0.00000000
16227.390 1.00000 0.00000000
20640.550 1.00000 0.00000000
21089.400 1.00000 0.00000000
25763.040 1.00000 0.00000000
26625.060 1.00000 0.00000000
28364.580 1.00000 0.00000000
29455.430 1.00000 0.00000000
40864.260 1.00000 0.00000000
47403.880 1.00000 0.00000000
50190.390 1.00000 0.00000000
51163.310 1.00000 0.00000000
57119.210 1.00000 0.00000000
58668.900 1.00000 0.00000000
73075.250 1.00000 0.00000000
76533.360 1.00000 0.00000000
78281.170 1.00000 0.00000000
