2558.440 1.00000 0.00000000
3539.170 1.00000 0.00000000
3679.770 1.00000 0.00000000
4463.240 1.00000 0.00000000
8138.020 1.00000 0.00000000
11767.900 1.00000 0.00000000
13873.740 1.00000 0.00000000
14824.530 1.00000 0.00000000
14843.660 1.00000 0.00000000
15069.500 1.00000 0.00000000
16551.180 1.00000 0.00000000
19544.780 1.00000 0.00000000
20639.660 1.00000 0.00000000
20676.590 1.00000 0.00000000
21943.540 1.00000 0.00000000
23934.730 1.00000 0.00000000
25762.470 1.00000 0.00000000
26623.430 1.00000 0.00000000
26645.640 1.00000 0.00000000
28363.770 1.00000 0.00000000
29456.290 1.00000 0.00000000
39740.620 1.00000 0.00000000
40864.080 1.00000 0.00000000
49816.170 1.00000 0.00000000
50189.640 1.00000 0.00000000
51162.590 1.00000 0.00000000
52136.320 1.00000 0.00000000
54554.210 1.00000 0.00000000
56822.900 1.00000 0.00000000
57117.350 1.00000 0.00000000
57162.910 1.00000 0.00000000
58667.750 1.00000 0.00000000
58687.290 1.00000 0.00000000
61740.550 1.00000 0.00000000
64753.730 1.00000 0.00000000
71496.950 1.00000 0.00000000
73074.420 1.00000 0.00000000
78281.370 1.00000 0.00000000
79048.670 1.00000 0.00000000
