2546.720 1.00000 0.00000000
3675.980 1.00000 0.00000000
3745.110 1.00000 0.00000000
4461.030 1.00000 0.00000000
8120.800 1.00000 0.00000000
9496.010 1.00000 0.00000000
11764.920 1.00000 0.00000000
13869.980 1.00000 0.00000000
14821.140 1.00000 0.00000000
15062.200 1.00000 0.00000000
20637.080 1.00000 0.00000000
21072.210 1.00000 0.00000000
21927.940 1.00000 0.00000000
22781.780 1.00000 0.00000000
23911.960 1.00000 0.00000000
25751.000 1.00000 0.00000000
26607.950 1.00000 0.00000000
28362.220 1.00000 0.00000000
39724.070 1.00000 0.00000000
43791.360 1.00000 0.00000000
49816.040 1.00000 0.00000000
50187.300 1.00000 0.00000000
51143.260 1.00000 0.00000000
52133.690 1.00000 0.00000000
54536.450 1.00000 0.00000000
57112.290 1.00000 0.00000000
58658.690 1.00000 0.00000000
61738.570 1.00000 0.00000000
64742.800 1.00000 0.00000000
73070.580 1.00000 0.00000000
76530.580 1.00000 0.00000000
78270.170 1.00000 0.00000000
