2560.030 1.00000 0.00000000
3540.790 1.00000 0.00000000
3680.290 1.00000 0.00000000
4464.830 1.00000 0.00000000
8015.400 1.00000 0.00000000
8135.540 1.00000 0.00000000
8165.670 1.00000 0.00000000
8687.640 1.00000 0.00000000
9500.010 1.00000 0.00000000
11769.620 1.00000 0.00000000
15068.320 1.00000 0.00000000
20640.720 1.00000 0.00000000
21942.200 1.00000 0.00000000
22796.310 1.00000 0.00000000
23935.410 1.00000 0.00000000
25764.530 1.00000 0.00000000
26623.670 1.00000 0.00000000
28362.810 1.00000 0.00000000
39740.330 1.00000 0.00000000
40864.600 1.00000 0.00000000
43808.200 1.00000 0.00000000
50191.180 1.00000 0.00000000
52135.370 1.00000 0.00000000
54553.280 1.00000 0.00000000
55531.570 1.00000 0.00000000
56824.630 1.00000 0.00000000
57117.920 1.00000 0.00000000
58382.720 1.00000 0.00000000
58669.370 1.00000 0.00000000
61741.670 1.00000 0.00000000
69874.950 1.00000 0.00000000
73074.080 1.00000 0.00000000
75576.670 1.00000 0.00000000
76533.540 1.00000 0.00000000
78282.690 1.00000 0.00000000
79050.800 1.00000 0.00000000
