2547.020 1.00000 0.00000000
3531.990 1.00000 0.00000000
3676.670 1.00000 0.00000000
4461.940 1.00000 0.00000000
8119.470 1.00000 0.00000000
8686.850 1.00000 0.00000000
9497.000 1.00000 0.00000000
11766.100 1.00000 0.00000000
13870.660 1.00000 0.00000000
14822.160 1.00000 0.00000000
15061.010 1.00000 0.00000000
16217.030 1.00000 0.00000000
20638.030 1.00000 0.00000000
21070.930 1.00000 0.00000000
21926.200 1.00000 0.00000000
22781.950 1.00000 0.00000000
25752.000 1.00000 0.00000000
26608.390 1.00000 0.00000000
28361.340 1.00000 0.00000000
39724.900 1.00000 0.00000000
40847.190 1.00000 0.00000000
43790.350 1.00000 0.00000000
47400.760 1.00000 0.00000000
49815.060 1.00000 0.00000000
50188.060 1.00000 0.00000000
51159.990 1.00000 0.00000000
52133.850 1.00000 0.00000000
54535.070 1.00000 0.00000000
57113.120 1.00000 0.00000000
58379.500 1.00000 0.00000000
58660.340 1.00000 0.00000000
61739.800 1.00000 0.00000000
66166.850 1.00000 0.00000000
69181.100 1.00000 0.00000000
69872.350 1.00000 0.00000000
71493.560 1.00000 0.00000000
73071.090 1.00000 0.00000000
76530.980 1.00000 0.00000000
78269.840 1.00000 0.00000000
