2546.610 1.00000 0.00000000
3533.990 1.00000 0.00000000
3675.760 1.00000 0.00000000
4461.090 1.00000 0.00000000
8119.770 1.00000 0.00000000
9496.810 1.00000 0.00000000
11765.210 1.00000 0.00000000
13869.810 1.00000 0.00000000
14821.500 1.00000 0.00000000
15061.610 1.00000 0.00000000
17089.900 1.00000 0.00000000
20637.420 1.00000 0.00000000
20649.240 1.00000 0.00000000
22782.060 1.00000 0.00000000
25751.020 1.00000 0.00000000
26608.450 1.00000 0.00000000
28361.470 1.00000 0.00000000
45223.060 1.00000 0.00000000
49813.700 1.00000 0.00000000
50187.390 1.00000 0.00000000
51159.980 1.00000 0.00000000
52133.060 1.00000 0.00000000
54535.570 1.00000 0.00000000
57112.830 1.00000 0.00000000
57159.170 1.00000 0.00000000
58378.810 1.00000 0.00000000
58659.480 1.00000 0.00000000
61739.010 1.00000 0.00000000
66551.020 1.00000 0.00000000
69177.960 1.00000 0.00000000
69872.030 1.00000 0.00000000
73070.990 1.00000 0.00000000
76530.940 1.00000 0.00000000
78269.170 1.00000 0.00000000
