2546.930 1.00000 0.00000000
3676.030 1.00000 0.00000000
4460.550 1.00000 0.00000000
8119.660 1.00000 0.00000000
9497.000 1.00000 0.00000000
11765.500 1.00000 0.00000000
13869.320 1.00000 0.00000000
14821.300 1.00000 0.00000000
15061.350 1.00000 0.00000000
20637.720 1.00000 0.00000000
20674.350 1.00000 0.00000000
21941.730 1.00000 0.00000000
23912.550 1.00000 0.00000000
25751.230 1.00000 0.00000000
26608.730 1.00000 0.00000000
28361.460 1.00000 0.00000000
29452.100 1.00000 0.00000000
40848.330 1.00000 0.00000000
45223.600 1.00000 0.00000000
47400.720 1.00000 0.00000000
47464.190 1.00000 0.00000000
49820.180 1.00000 0.00000000
50187.590 1.00000 0.00000000
51143.460 1.00000 0.00000000
52133.950 1.00000 0.00000000
54535.120 1.00000 0.00000000
57113.700 1.00000 0.00000000
58379.130 1.00000 0.00000000
58659.440 1.00000 0.00000000
59355.250 1.00000 0.00000000
73070.920 1.00000 0.00000000
76531.000 1.00000 0.00000000
78269.630 1.00000 0.00000000
