2546.680 1.00000 0.00000000
3675.820 1.00000 0.00000000
3746.060 1.00000 0.00000000
4461.160 1.00000 0.00000000
4760.030 1.00000 0.00000000
6063.150 1.00000 0.00000000
7996.090 1.00000 0.00000000
8119.910 1.00000 0.00000000
8365.630 1.00000 0.00000000
8686.680 1.00000 0.00000000
9496.850 1.00000 0.00000000
11765.350 1.00000 0.00000000
12057.780 1.00000 0.00000000
12269.720 1.00000 0.00000000
14821.670 1.00000 0.00000000
15061.560 1.00000 0.00000000
16216.110 1.00000 0.00000000
17489.350 1.00000 0.00000000
20637.550 1.00000 0.00000000
21926.180 1.00000 0.00000000
22782.210 1.00000 0.00000000
23912.430 1.00000 0.00000000
25751.190 1.00000 0.00000000
26608.010 1.00000 0.00000000
28361.530 1.00000 0.00000000
31893.760 1.00000 0.00000000
33599.490 1.00000 0.00000000
34237.690 1.00000 0.00000000
40847.450 1.00000 0.00000000
43790.470 1.00000 0.00000000
46334.380 1.00000 0.00000000
49813.720 1.00000 0.00000000
50187.440 1.00000 0.00000000
51159.990 1.00000 0.00000000
52134.110 1.00000 0.00000000
54535.630 1.00000 0.00000000
56809.800 1.00000 0.00000000
56964.570 1.00000 0.00000000
57112.880 1.00000 0.00000000
57969.000 1.00000 0.00000000
58379.040 1.00000 0.00000000
58382.080 1.00000 0.00000000
58658.930 1.00000 0.00000000
61739.050 1.00000 0.00000000
66166.990 1.00000 0.00000000
69178.050 1.00000 0.00000000
69872.170 1.00000 0.00000000
71493.150 1.00000 0.00000000
73070.980 1.00000 0.00000000
75783.860 1.00000 0.00000000
76530.870 1.00000 0.00000000
78269.220 1.00000 0.00000000
