2559.670 1.00000 0.00000000
3680.610 1.00000 0.00000000
9519.560 1.00000 0.00000000
11769.410 1.00000 0.00000000
15068.320 1.00000 0.00000000
15095.630 1.00000 0.00000000
20640.590 1.00000 0.00000000
20677.700 1.00000 0.00000000
21943.570 1.00000 0.00000000
23933.050 1.00000 0.00000000
25763.790 1.00000 0.00000000
26624.310 1.00000 0.00000000
28363.360 1.00000 0.00000000
29456.750 1.00000 0.00000000
40864.440 1.00000 0.00000000
45243.660 1.00000 0.00000000
47402.900 1.00000 0.00000000
47468.920 1.00000 0.00000000
51163.790 1.00000 0.00000000
52135.930 1.00000 0.00000000
54553.060 1.00000 0.00000000
57118.280 1.00000 0.00000000
58669.430 1.00000 0.00000000
59362.880 1.00000 0.00000000
73074.350 1.00000 0.00000000
78282.390 1.00000 0.00000000
