3538.080 1.00000 0.00000000
3675.640 1.00000 0.00000000
4460.980 1.00000 0.00000000
8120.030 1.00000 0.00000000
9496.700 1.00000 0.00000000
11765.150 1.00000 0.00000000
13869.870 1.00000 0.00000000
14821.410 1.00000 0.00000000
14837.230 1.00000 0.00000000
15061.780 1.00000 0.00000000
15082.850 1.00000 0.00000000
20637.360 1.00000 0.00000000
20674.610 1.00000 0.00000000
21071.690 1.00000 0.00000000
21927.010 1.00000 0.00000000
22782.120 1.00000 0.00000000
23912.510 1.00000 0.00000000
25751.000 1.00000 0.00000000
26608.520 1.00000 0.00000000
28361.740 1.00000 0.00000000
29451.970 1.00000 0.00000000
39724.960 1.00000 0.00000000
40848.460 1.00000 0.00000000
50187.240 1.00000 0.00000000
51142.840 1.00000 0.00000000
52134.130 1.00000 0.00000000
54535.820 1.00000 0.00000000
57112.830 1.00000 0.00000000
57159.310 1.00000 0.00000000
58658.820 1.00000 0.00000000
61738.790 1.00000 0.00000000
69177.980 1.00000 0.00000000
73071.000 1.00000 0.00000000
76530.580 1.00000 0.00000000
