216.530 1.00000 0.00000000
1436.560 1.00000 0.00000000
8661.030 1.00000 0.00000000
9162.990 1.00000 0.00000000
11892.960 1.00000 0.00000000
13700.820 1.00000 0.00000000
22980.550 1.00000 0.00000000
23914.710 1.00000 0.00000000
24954.650 1.00000 0.00000000
26617.060 1.00000 0.00000000
27196.750 1.00000 0.00000000
29833.420 1.00000 0.00000000
31256.450 1.00000 0.00000000
35284.000 1.00000 0.00000000
37510.990 1.00000 0.00000000
38857.290 1.00000 0.00000000
39610.010 1.00000 0.00000000
43306.170 1.00000 0.00000000
45157.000 1.00000 0.00000000
45493.050 1.00000 0.00000000
57165.190 1.00000 0.00000000
59439.970 1.00000 0.00000000
64710.870 1.00000 0.00000000
74395.520 1.00000 0.00000000
75776.000 1.00000 0.00000000
78101.670 1.00000 0.00000000
78254.640 1.00000 0.00000000
78504.520 1.00000 0.00000000
82087.230 1.00000 0.00000000
85225.010 1.00000 0.00000000
