8126.650 1.00000 0.00000000
9529.370 1.00000 0.00000000
14864.740 1.00000 0.00000000
15066.590 1.00000 0.00000000
15088.890 1.00000 0.00000000
20659.020 1.00000 0.00000000
21076.890 1.00000 0.00000000
22799.480 1.00000 0.00000000
25146.720 1.00000 0.00000000
25784.190 1.00000 0.00000000
26629.460 1.00000 0.00000000
29847.610 1.00000 0.00000000
40854.330 1.00000 0.00000000
43797.290 1.00000 0.00000000
47405.710 1.00000 0.00000000
54542.700 1.00000 0.00000000
56975.820 1.00000 0.00000000
57200.550 1.00000 0.00000000
