8115.990 1.00000 0.00000000
9502.900 1.00000 0.00000000
11768.320 1.00000 0.00000000
14830.710 1.00000 0.00000000
15060.540 1.00000 0.00000000
20649.030 1.00000 0.00000000
21066.950 1.00000 0.00000000
22783.380 1.00000 0.00000000
25135.620 1.00000 0.00000000
25763.050 1.00000 0.00000000
26612.390 1.00000 0.00000000
28357.990 1.00000 0.00000000
29842.010 1.00000 0.00000000
38857.030 1.00000 0.00000000
40843.300 1.00000 0.00000000
43786.720 1.00000 0.00000000
47403.880 1.00000 0.00000000
49820.040 1.00000 0.00000000
52130.020 1.00000 0.00000000
54531.000 1.00000 0.00000000
56963.100 1.00000 0.00000000
57165.580 1.00000 0.00000000
64730.710 1.00000 0.00000000
76531.950 1.00000 0.00000000
