7297.720 1.00000 0.00000000
9523.410 1.00000 0.00000000
21959.690 1.00000 0.00000000
22787.610 1.00000 0.00000000
23927.600 1.00000 0.00000000
25793.470 1.00000 0.00000000
26614.910 1.00000 0.00000000
27246.050 1.00000 0.00000000
29848.090 1.00000 0.00000000
39725.360 1.00000 0.00000000
47396.940 1.00000 0.00000000
57135.770 1.00000 0.00000000
57819.280 1.00000 0.00000000
60947.950 1.00000 0.00000000
63945.360 1.00000 0.00000000
64760.840 1.00000 0.00000000
66166.540 1.00000 0.00000000
73097.910 1.00000 0.00000000
75809.580 1.00000 0.00000000
78513.930 1.00000 0.00000000
82323.250 1.00000 0.00000000
