4739.800 1.00000 0.00000000
7290.250 1.00000 0.00000000
8112.790 1.00000 0.00000000
9496.000 1.00000 0.00000000
14833.070 1.00000 0.00000000
21938.360 1.00000 0.00000000
22776.740 1.00000 0.00000000
23909.070 1.00000 0.00000000
25769.010 1.00000 0.00000000
26602.680 1.00000 0.00000000
27221.940 1.00000 0.00000000
29837.980 1.00000 0.00000000
34705.460 1.00000 0.00000000
37681.360 1.00000 0.00000000
38853.990 1.00000 0.00000000
39716.300 1.00000 0.00000000
47395.630 1.00000 0.00000000
56133.380 1.00000 0.00000000
57123.280 1.00000 0.00000000
57811.870 1.00000 0.00000000
60904.670 1.00000 0.00000000
63931.980 1.00000 0.00000000
64729.990 1.00000 0.00000000
66159.140 1.00000 0.00000000
73084.930 1.00000 0.00000000
75780.030 1.00000 0.00000000
78505.830 1.00000 0.00000000
82309.730 1.00000 0.00000000
83754.760 1.00000 0.00000000
86103.980 1.00000 0.00000000
