1439.640 1.00000 0.00000000
2778.560 1.00000 0.00000000
8743.760 1.00000 0.00000000
22980.760 1.00000 0.00000000
43310.000 1.00000 0.00000000
56347.840 1.00000 0.00000000
56494.090 1.00000 0.00000000
56531.510 1.00000 0.00000000
57172.290 1.00000 0.00000000
58346.540 1.00000 0.00000000
58395.780 1.00000 0.00000000
63573.070 1.00000 0.00000000
63579.470 1.00000 0.00000000
64054.520 1.00000 0.00000000
64727.910 1.00000 0.00000000
74222.030 1.00000 0.00000000
78510.040 1.00000 0.00000000
83756.000 1.00000 0.00000000
