9163.990 1.00000 0.00000000
9500.640 1.00000 0.00000000
11893.170 1.00000 0.00000000
22390.260 1.00000 0.00000000
23907.570 1.00000 0.00000000
35119.990 1.00000 0.00000000
37489.430 1.00000 0.00000000
37677.980 1.00000 0.00000000
45169.150 1.00000 0.00000000
45478.010 1.00000 0.00000000
51043.320 1.00000 0.00000000
52712.140 1.00000 0.00000000
60872.670 1.00000 0.00000000
64702.740 1.00000 0.00000000
68802.040 1.00000 0.00000000
73338.020 1.00000 0.00000000
74511.980 1.00000 0.00000000
82075.040 1.00000 0.00000000
83754.510 1.00000 0.00000000
85226.000 1.00000 0.00000000
