3294.810 1.00000 0.00000000
3623.170 1.00000 0.00000000
3702.930 1.00000 0.00000000
6051.460 1.00000 0.00000000
6605.700 1.00000 0.00000000
7857.090 1.00000 0.00000000
8009.010 1.00000 0.00000000
9757.020 1.00000 0.00000000
11746.730 1.00000 0.00000000
12999.600 1.00000 0.00000000
13340.010 1.00000 0.00000000
13997.830 1.00000 0.00000000
14831.010 1.00000 0.00000000
20044.020 1.00000 0.00000000
21990.670 1.00000 0.00000000
22776.960 1.00000 0.00000000
22862.450 1.00000 0.00000000
23891.490 1.00000 0.00000000
26594.660 1.00000 0.00000000
29823.910 1.00000 0.00000000
31875.570 1.00000 0.00000000
32736.990 1.00000 0.00000000
33864.120 1.00000 0.00000000
35918.950 1.00000 0.00000000
37509.020 1.00000 0.00000000
37678.430 1.00000 0.00000000
38199.430 1.00000 0.00000000
38217.050 1.00000 0.00000000
38685.050 1.00000 0.00000000
39709.420 1.00000 0.00000000
43488.940 1.00000 0.00000000
43508.710 1.00000 0.00000000
45501.570 1.00000 0.00000000
46100.390 1.00000 0.00000000
47380.780 1.00000 0.00000000
48411.790 1.00000 0.00000000
50283.610 1.00000 0.00000000
52005.690 1.00000 0.00000000
52727.230 1.00000 0.00000000
53767.060 1.00000 0.00000000
56059.910 1.00000 0.00000000
57146.900 1.00000 0.00000000
57316.130 1.00000 0.00000000
58011.890 1.00000 0.00000000
58441.410 1.00000 0.00000000
58864.210 1.00000 0.00000000
59820.910 1.00000 0.00000000
62228.930 1.00000 0.00000000
62798.920 1.00000 0.00000000
63973.780 1.00000 0.00000000
66157.240 1.00000 0.00000000
66506.550 1.00000 0.00000000
68868.060 1.00000 0.00000000
72082.520 1.00000 0.00000000
74709.550 1.00000 0.00000000
75539.210 1.00000 0.00000000
78391.160 1.00000 0.00000000
78504.530 1.00000 0.00000000
78788.710 1.00000 0.00000000
79005.110 1.00000 0.00000000
79241.250 1.00000 0.00000000
79832.040 1.00000 0.00000000
81643.360 1.00000 0.00000000
81743.330 1.00000 0.00000000
82299.910 1.00000 0.00000000
83641.230 1.00000 0.00000000
83766.880 1.00000 0.00000000
83858.400 1.00000 0.00000000
85648.720 1.00000 0.00000000
