5.260 1.00000 0.00000000
3641.910 1.00000 0.00000000
3715.680 1.00000 0.00000000
6074.010 1.00000 0.00000000
6778.390 1.00000 0.00000000
9515.630 1.00000 0.00000000
20067.390 1.00000 0.00000000
22789.990 1.00000 0.00000000
26607.860 1.00000 0.00000000
29866.290 1.00000 0.00000000
30711.690 1.00000 0.00000000
35926.530 1.00000 0.00000000
37523.450 1.00000 0.00000000
37705.790 1.00000 0.00000000
47432.960 1.00000 0.00000000
50087.500 1.00000 0.00000000
66526.760 1.00000 0.00000000
74428.350 1.00000 0.00000000
82104.200 1.00000 0.00000000
82306.930 1.00000 0.00000000
83777.190 1.00000 0.00000000
83877.580 1.00000 0.00000000
