4.050 1.00000 0.00000000
3629.170 1.00000 0.00000000
3704.530 1.00000 0.00000000
6055.890 1.00000 0.00000000
6769.280 1.00000 0.00000000
9495.080 1.00000 0.00000000
11750.510 1.00000 0.00000000
20046.920 1.00000 0.00000000
22777.940 1.00000 0.00000000
26598.750 1.00000 0.00000000
29827.470 1.00000 0.00000000
30667.030 1.00000 0.00000000
34698.990 1.00000 0.00000000
35920.790 1.00000 0.00000000
37508.060 1.00000 0.00000000
37681.000 1.00000 0.00000000
38396.000 1.00000 0.00000000
43308.350 1.00000 0.00000000
47382.450 1.00000 0.00000000
50079.540 1.00000 0.00000000
52002.010 1.00000 0.00000000
62665.020 1.00000 0.00000000
66511.920 1.00000 0.00000000
74402.810 1.00000 0.00000000
78504.020 1.00000 0.00000000
82090.090 1.00000 0.00000000
82300.030 1.00000 0.00000000
83761.800 1.00000 0.00000000
83864.650 1.00000 0.00000000
85646.580 1.00000 0.00000000
86106.990 1.00000 0.00000000
