3314.940 1.00000 0.00000000
3630.960 1.00000 0.00000000
3727.860 1.00000 0.00000000
6066.720 1.00000 0.00000000
6617.410 1.00000 0.00000000
7872.880 1.00000 0.00000000
8023.420 1.00000 0.00000000
9765.030 1.00000 0.00000000
11750.910 1.00000 0.00000000
13005.030 1.00000 0.00000000
13355.510 1.00000 0.00000000
14011.430 1.00000 0.00000000
14858.360 1.00000 0.00000000
20062.070 1.00000 0.00000000
22004.790 1.00000 0.00000000
22787.950 1.00000 0.00000000
22879.090 1.00000 0.00000000
23899.630 1.00000 0.00000000
26600.920 1.00000 0.00000000
29861.940 1.00000 0.00000000
31883.150 1.00000 0.00000000
32757.270 1.00000 0.00000000
33879.880 1.00000 0.00000000
35923.550 1.00000 0.00000000
37526.200 1.00000 0.00000000
37700.110 1.00000 0.00000000
38200.940 1.00000 0.00000000
38218.890 1.00000 0.00000000
38707.900 1.00000 0.00000000
39714.780 1.00000 0.00000000
43494.590 1.00000 0.00000000
43513.870 1.00000 0.00000000
45520.170 1.00000 0.00000000
46119.480 1.00000 0.00000000
47431.650 1.00000 0.00000000
48427.580 1.00000 0.00000000
50303.200 1.00000 0.00000000
52011.160 1.00000 0.00000000
52743.470 1.00000 0.00000000
56078.640 1.00000 0.00000000
57168.330 1.00000 0.00000000
57328.750 1.00000 0.00000000
58030.330 1.00000 0.00000000
58455.040 1.00000 0.00000000
58885.180 1.00000 0.00000000
59842.970 1.00000 0.00000000
62245.900 1.00000 0.00000000
62811.440 1.00000 0.00000000
63979.400 1.00000 0.00000000
66164.830 1.00000 0.00000000
66516.870 1.00000 0.00000000
68880.160 1.00000 0.00000000
72090.810 1.00000 0.00000000
74726.330 1.00000 0.00000000
75557.510 1.00000 0.00000000
78409.230 1.00000 0.00000000
78801.580 1.00000 0.00000000
79018.030 1.00000 0.00000000
79254.040 1.00000 0.00000000
79833.690 1.00000 0.00000000
81657.790 1.00000 0.00000000
81764.780 1.00000 0.00000000
82306.870 1.00000 0.00000000
83644.180 1.00000 0.00000000
83670.240 1.00000 0.00000000
83867.100 1.00000 0.00000000
85652.470 1.00000 0.00000000
