1036.430 1.00000 0.00000000
3718.820 1.00000 0.00000000
4744.420 1.00000 0.00000000
6084.040 1.00000 0.00000000
6632.810 1.00000 0.00000000
6790.990 1.00000 0.00000000
7294.380 1.00000 0.00000000
7890.450 1.00000 0.00000000
9523.930 1.00000 0.00000000
9775.830 1.00000 0.00000000
19213.390 1.00000 0.00000000
20075.200 1.00000 0.00000000
22792.360 1.00000 0.00000000
22892.630 1.00000 0.00000000
23923.140 1.00000 0.00000000
26617.350 1.00000 0.00000000
27008.780 1.00000 0.00000000
27221.320 1.00000 0.00000000
30944.280 1.00000 0.00000000
31893.660 1.00000 0.00000000
37530.860 1.00000 0.00000000
37715.090 1.00000 0.00000000
47387.680 1.00000 0.00000000
50081.840 1.00000 0.00000000
52751.860 1.00000 0.00000000
58346.120 1.00000 0.00000000
58902.600 1.00000 0.00000000
60071.320 1.00000 0.00000000
62044.290 1.00000 0.00000000
68305.270 1.00000 0.00000000
69874.630 1.00000 0.00000000
75213.680 1.00000 0.00000000
75795.970 1.00000 0.00000000
78088.980 1.00000 0.00000000
78095.100 1.00000 0.00000000
78511.650 1.00000 0.00000000
82313.860 1.00000 0.00000000
83771.040 1.00000 0.00000000
