5034.710 1.00000 0.00000000
9168.600 1.00000 0.00000000
9501.600 1.00000 0.00000000
11894.710 1.00000 0.00000000
17835.040 1.00000 0.00000000
22389.650 1.00000 0.00000000
23907.950 1.00000 0.00000000
27305.890 1.00000 0.00000000
37489.840 1.00000 0.00000000
38310.440 1.00000 0.00000000
38394.040 1.00000 0.00000000
45168.890 1.00000 0.00000000
45478.220 1.00000 0.00000000
46263.230 1.00000 0.00000000
50362.090 1.00000 0.00000000
51043.220 1.00000 0.00000000
53763.980 1.00000 0.00000000
59419.200 1.00000 0.00000000
60872.500 1.00000 0.00000000
63006.030 1.00000 0.00000000
64702.370 1.00000 0.00000000
65035.360 1.00000 0.00000000
66407.700 1.00000 0.00000000
68807.570 1.00000 0.00000000
70460.400 1.00000 0.00000000
72795.190 1.00000 0.00000000
73336.030 1.00000 0.00000000
74381.850 1.00000 0.00000000
74515.360 1.00000 0.00000000
81614.010 1.00000 0.00000000
82074.550 1.00000 0.00000000
83755.070 1.00000 0.00000000
84929.040 1.00000 0.00000000
85233.520 1.00000 0.00000000
