5040.410 1.00000 0.00000000
6088.950 1.00000 0.00000000
9529.810 1.00000 0.00000000
11898.460 1.00000 0.00000000
17850.560 1.00000 0.00000000
21808.600 1.00000 0.00000000
22403.990 1.00000 0.00000000
23929.110 1.00000 0.00000000
25744.580 1.00000 0.00000000
26987.350 1.00000 0.00000000
27217.750 1.00000 0.00000000
29854.920 1.00000 0.00000000
32068.210 1.00000 0.00000000
37501.400 1.00000 0.00000000
41488.440 1.00000 0.00000000
42873.980 1.00000 0.00000000
45183.270 1.00000 0.00000000
45493.090 1.00000 0.00000000
47414.780 1.00000 0.00000000
51061.790 1.00000 0.00000000
52575.020 1.00000 0.00000000
52726.010 1.00000 0.00000000
53786.470 1.00000 0.00000000
56356.190 1.00000 0.00000000
60892.820 1.00000 0.00000000
62147.370 1.00000 0.00000000
64709.830 1.00000 0.00000000
66540.050 1.00000 0.00000000
70483.590 1.00000 0.00000000
74394.390 1.00000 0.00000000
82080.590 1.00000 0.00000000
84199.520 1.00000 0.00000000
85563.320 1.00000 0.00000000
