19.490 1.00000 0.00000000
1054.050 1.00000 0.00000000
9532.510 1.00000 0.00000000
11903.100 1.00000 0.00000000
12421.590 1.00000 0.00000000
22408.830 1.00000 0.00000000
23931.950 1.00000 0.00000000
27211.550 1.00000 0.00000000
29383.220 1.00000 0.00000000
29859.820 1.00000 0.00000000
35719.250 1.00000 0.00000000
37509.060 1.00000 0.00000000
37700.370 1.00000 0.00000000
38338.770 1.00000 0.00000000
51066.470 1.00000 0.00000000
52607.050 1.00000 0.00000000
52732.360 1.00000 0.00000000
53792.790 1.00000 0.00000000
59789.120 1.00000 0.00000000
60896.580 1.00000 0.00000000
64711.490 1.00000 0.00000000
66432.320 1.00000 0.00000000
74397.550 1.00000 0.00000000
74525.880 1.00000 0.00000000
82084.930 1.00000 0.00000000
