9528.970 1.00000 0.00000000
22398.390 1.00000 0.00000000
23928.270 1.00000 0.00000000
27323.660 1.00000 0.00000000
37492.880 1.00000 0.00000000
38323.130 1.00000 0.00000000
45180.800 1.00000 0.00000000
45209.090 1.00000 0.00000000
45482.290 1.00000 0.00000000
46278.350 1.00000 0.00000000
50370.610 1.00000 0.00000000
51053.970 1.00000 0.00000000
59436.720 1.00000 0.00000000
60886.680 1.00000 0.00000000
63037.120 1.00000 0.00000000
64711.240 1.00000 0.00000000
65038.450 1.00000 0.00000000
66410.330 1.00000 0.00000000
68811.580 1.00000 0.00000000
70475.920 1.00000 0.00000000
72810.190 1.00000 0.00000000
73343.710 1.00000 0.00000000
74390.740 1.00000 0.00000000
74521.500 1.00000 0.00000000
81623.120 1.00000 0.00000000
82082.480 1.00000 0.00000000
84955.050 1.00000 0.00000000
