216.690 1.00000 0.00000000
7102.950 1.00000 0.00000000
7280.980 1.00000 0.00000000
9163.550 1.00000 0.00000000
11896.010 1.00000 0.00000000
16006.980 1.00000 0.00000000
17145.030 1.00000 0.00000000
23912.180 1.00000 0.00000000
27198.850 1.00000 0.00000000
29826.000 1.00000 0.00000000
30034.530 1.00000 0.00000000
34951.950 1.00000 0.00000000
37502.480 1.00000 0.00000000
38395.230 1.00000 0.00000000
38856.720 1.00000 0.00000000
43308.500 1.00000 0.00000000
45492.040 1.00000 0.00000000
50367.470 1.00000 0.00000000
51051.800 1.00000 0.00000000
53766.060 1.00000 0.00000000
60880.370 1.00000 0.00000000
64703.750 1.00000 0.00000000
67624.990 1.00000 0.00000000
68801.080 1.00000 0.00000000
73338.010 1.00000 0.00000000
74387.360 1.00000 0.00000000
74516.020 1.00000 0.00000000
75771.580 1.00000 0.00000000
76739.990 1.00000 0.00000000
78505.990 1.00000 0.00000000
82079.830 1.00000 0.00000000
83751.980 1.00000 0.00000000
