9529.900 1.00000 0.00000000
11908.260 1.00000 0.00000000
22413.180 1.00000 0.00000000
22808.690 1.00000 0.00000000
23928.360 1.00000 0.00000000
27212.400 1.00000 0.00000000
29863.290 1.00000 0.00000000
32075.470 1.00000 0.00000000
37510.880 1.00000 0.00000000
37701.020 1.00000 0.00000000
38404.360 1.00000 0.00000000
45503.480 1.00000 0.00000000
51070.610 1.00000 0.00000000
52733.350 1.00000 0.00000000
53795.090 1.00000 0.00000000
60902.320 1.00000 0.00000000
64716.160 1.00000 0.00000000
64738.650 1.00000 0.00000000
66437.150 1.00000 0.00000000
74529.560 1.00000 0.00000000
82086.960 1.00000 0.00000000
83761.580 1.00000 0.00000000
