9162.530 1.00000 0.00000000
9500.980 1.00000 0.00000000
11897.580 1.00000 0.00000000
22397.860 1.00000 0.00000000
22788.330 1.00000 0.00000000
23906.990 1.00000 0.00000000
27202.970 1.00000 0.00000000
29823.870 1.00000 0.00000000
32055.080 1.00000 0.00000000
35916.530 1.00000 0.00000000
37499.520 1.00000 0.00000000
37678.010 1.00000 0.00000000
38397.970 1.00000 0.00000000
38855.880 1.00000 0.00000000
45490.050 1.00000 0.00000000
47384.990 1.00000 0.00000000
51052.650 1.00000 0.00000000
52721.020 1.00000 0.00000000
53770.460 1.00000 0.00000000
60881.370 1.00000 0.00000000
62923.040 1.00000 0.00000000
64705.120 1.00000 0.00000000
64727.220 1.00000 0.00000000
66420.640 1.00000 0.00000000
68801.780 1.00000 0.00000000
73339.010 1.00000 0.00000000
74519.920 1.00000 0.00000000
78505.350 1.00000 0.00000000
82079.000 1.00000 0.00000000
83752.290 1.00000 0.00000000
