8660.230 1.00000 0.00000000
9163.060 1.00000 0.00000000
11893.020 1.00000 0.00000000
15588.430 1.00000 0.00000000
17144.040 1.00000 0.00000000
22399.650 1.00000 0.00000000
24954.570 1.00000 0.00000000
27197.710 1.00000 0.00000000
30665.140 1.00000 0.00000000
31269.360 1.00000 0.00000000
35120.020 1.00000 0.00000000
37680.090 1.00000 0.00000000
45172.170 1.00000 0.00000000
45490.210 1.00000 0.00000000
47380.170 1.00000 0.00000000
51054.900 1.00000 0.00000000
57165.760 1.00000 0.00000000
60881.400 1.00000 0.00000000
63675.220 1.00000 0.00000000
64705.960 1.00000 0.00000000
74389.020 1.00000 0.00000000
74515.290 1.00000 0.00000000
78260.550 1.00000 0.00000000
82075.030 1.00000 0.00000000
83748.040 1.00000 0.00000000
85225.050 1.00000 0.00000000
