4.960 1.00000 0.00000000
217.070 1.00000 0.00000000
8657.940 1.00000 0.00000000
9290.020 1.00000 0.00000000
15589.070 1.00000 0.00000000
17145.030 1.00000 0.00000000
20315.240 1.00000 0.00000000
27098.570 1.00000 0.00000000
27203.830 1.00000 0.00000000
40467.550 1.00000 0.00000000
45175.800 1.00000 0.00000000
45494.020 1.00000 0.00000000
57171.000 1.00000 0.00000000
58701.780 1.00000 0.00000000
58975.000 1.00000 0.00000000
68131.570 1.00000 0.00000000
74390.000 1.00000 0.00000000
75776.290 1.00000 0.00000000
82086.820 1.00000 0.00000000
83754.800 1.00000 0.00000000
85225.030 1.00000 0.00000000
