216.960 1.00000 0.00000000
5045.980 1.00000 0.00000000
8660.820 1.00000 0.00000000
11908.570 1.00000 0.00000000
15591.890 1.00000 0.00000000
17267.940 1.00000 0.00000000
24953.650 1.00000 0.00000000
26002.030 1.00000 0.00000000
26438.630 1.00000 0.00000000
27099.010 1.00000 0.00000000
27206.590 1.00000 0.00000000
40465.240 1.00000 0.00000000
45177.520 1.00000 0.00000000
47425.960 1.00000 0.00000000
53612.070 1.00000 0.00000000
56136.520 1.00000 0.00000000
57174.050 1.00000 0.00000000
58973.300 1.00000 0.00000000
64479.150 1.00000 0.00000000
74389.930 1.00000 0.00000000
78253.990 1.00000 0.00000000
83757.550 1.00000 0.00000000
