10.170 1.00000 0.00000000
938.380 1.00000 0.00000000
3719.120 1.00000 0.00000000
4746.050 1.00000 0.00000000
6091.260 1.00000 0.00000000
7295.610 1.00000 0.00000000
9529.220 1.00000 0.00000000
9782.350 1.00000 0.00000000
11926.570 1.00000 0.00000000
22431.440 1.00000 0.00000000
22797.840 1.00000 0.00000000
23929.890 1.00000 0.00000000
26626.290 1.00000 0.00000000
27213.930 1.00000 0.00000000
29836.920 1.00000 0.00000000
35329.390 1.00000 0.00000000
37530.940 1.00000 0.00000000
38408.610 1.00000 0.00000000
38869.070 1.00000 0.00000000
43316.890 1.00000 0.00000000
47387.640 1.00000 0.00000000
50089.320 1.00000 0.00000000
74421.480 1.00000 0.00000000
75800.120 1.00000 0.00000000
78514.070 1.00000 0.00000000
79693.960 1.00000 0.00000000
82319.160 1.00000 0.00000000
83763.850 1.00000 0.00000000
