1896.450 1.00000 0.00000000
2104.980 1.00000 0.00000000
3703.490 1.00000 0.00000000
4735.270 1.00000 0.00000000
13827.270 1.00000 0.00000000
16781.430 1.00000 0.00000000
19497.280 1.00000 0.00000000
20044.980 1.00000 0.00000000
21257.980 1.00000 0.00000000
22776.390 1.00000 0.00000000
23906.010 1.00000 0.00000000
26592.420 1.00000 0.00000000
29826.650 1.00000 0.00000000
31633.000 1.00000 0.00000000
33691.980 1.00000 0.00000000
34699.080 1.00000 0.00000000
37681.990 1.00000 0.00000000
38858.210 1.00000 0.00000000
38894.030 1.00000 0.00000000
41870.200 1.00000 0.00000000
42847.490 1.00000 0.00000000
43308.410 1.00000 0.00000000
47336.280 1.00000 0.00000000
47393.040 1.00000 0.00000000
50073.390 1.00000 0.00000000
52002.010 1.00000 0.00000000
56130.300 1.00000 0.00000000
57124.010 1.00000 0.00000000
57776.530 1.00000 0.00000000
57807.300 1.00000 0.00000000
57844.250 1.00000 0.00000000
60904.960 1.00000 0.00000000
62658.080 1.00000 0.00000000
64726.990 1.00000 0.00000000
65233.940 1.00000 0.00000000
70285.660 1.00000 0.00000000
70480.110 1.00000 0.00000000
75777.000 1.00000 0.00000000
78504.000 1.00000 0.00000000
81653.850 1.00000 0.00000000
82307.330 1.00000 0.00000000
83756.470 1.00000 0.00000000
84677.280 1.00000 0.00000000
84720.810 1.00000 0.00000000
85645.450 1.00000 0.00000000
86105.450 1.00000 0.00000000
