1921.520 1.00000 0.00000000
2120.800 1.00000 0.00000000
13844.750 1.00000 0.00000000
16789.710 1.00000 0.00000000
19515.360 1.00000 0.00000000
20067.550 1.00000 0.00000000
21290.710 1.00000 0.00000000
22786.120 1.00000 0.00000000
23925.490 1.00000 0.00000000
31654.090 1.00000 0.00000000
33707.970 1.00000 0.00000000
34702.190 1.00000 0.00000000
38865.910 1.00000 0.00000000
38900.590 1.00000 0.00000000
41873.090 1.00000 0.00000000
42874.840 1.00000 0.00000000
47336.570 1.00000 0.00000000
50076.300 1.00000 0.00000000
56132.310 1.00000 0.00000000
57135.670 1.00000 0.00000000
57778.120 1.00000 0.00000000
57810.080 1.00000 0.00000000
60941.720 1.00000 0.00000000
62661.910 1.00000 0.00000000
64754.410 1.00000 0.00000000
65235.870 1.00000 0.00000000
70287.680 1.00000 0.00000000
70510.480 1.00000 0.00000000
75803.480 1.00000 0.00000000
78510.250 1.00000 0.00000000
81676.770 1.00000 0.00000000
82318.800 1.00000 0.00000000
84679.410 1.00000 0.00000000
84723.900 1.00000 0.00000000
86108.650 1.00000 0.00000000
