9166.450 1.00000 0.00000000
11895.670 1.00000 0.00000000
26431.220 1.00000 0.00000000
27206.630 1.00000 0.00000000
29828.010 1.00000 0.00000000
31262.940 1.00000 0.00000000
34362.840 1.00000 0.00000000
35130.950 1.00000 0.00000000
37510.000 1.00000 0.00000000
45162.970 1.00000 0.00000000
46264.230 1.00000 0.00000000
47383.040 1.00000 0.00000000
51046.920 1.00000 0.00000000
57165.200 1.00000 0.00000000
60872.310 1.00000 0.00000000
64701.190 1.00000 0.00000000
67267.630 1.00000 0.00000000
83757.010 1.00000 0.00000000
85235.510 1.00000 0.00000000
