213.980 1.00000 0.00000000
8658.540 1.00000 0.00000000
9162.550 1.00000 0.00000000
9289.650 1.00000 0.00000000
11895.610 1.00000 0.00000000
15589.040 1.00000 0.00000000
17144.210 1.00000 0.00000000
22397.680 1.00000 0.00000000
27195.790 1.00000 0.00000000
29830.990 1.00000 0.00000000
37681.990 1.00000 0.00000000
38394.980 1.00000 0.00000000
45170.200 1.00000 0.00000000
45494.010 1.00000 0.00000000
47380.020 1.00000 0.00000000
48265.010 1.00000 0.00000000
51053.820 1.00000 0.00000000
57166.700 1.00000 0.00000000
62923.970 1.00000 0.00000000
64704.400 1.00000 0.00000000
74388.330 1.00000 0.00000000
75776.130 1.00000 0.00000000
81525.990 1.00000 0.00000000
83745.790 1.00000 0.00000000
