218.020 1.00000 0.00000000
8660.540 1.00000 0.00000000
9163.030 1.00000 0.00000000
11892.530 1.00000 0.00000000
17143.900 1.00000 0.00000000
23914.320 1.00000 0.00000000
24953.780 1.00000 0.00000000
27195.340 1.00000 0.00000000
29831.040 1.00000 0.00000000
31261.970 1.00000 0.00000000
34358.710 1.00000 0.00000000
34412.470 1.00000 0.00000000
38394.410 1.00000 0.00000000
43309.300 1.00000 0.00000000
45156.060 1.00000 0.00000000
45491.760 1.00000 0.00000000
47381.370 1.00000 0.00000000
62207.120 1.00000 0.00000000
64708.100 1.00000 0.00000000
71784.300 1.00000 0.00000000
74386.880 1.00000 0.00000000
74511.660 1.00000 0.00000000
75774.060 1.00000 0.00000000
78098.160 1.00000 0.00000000
81531.050 1.00000 0.00000000
82073.240 1.00000 0.00000000
83755.160 1.00000 0.00000000
