267.650 1.00000 0.00000000
4163.130 1.00000 0.00000000
5043.680 1.00000 0.00000000
22077.580 1.00000 0.00000000
22403.700 1.00000 0.00000000
23918.690 1.00000 0.00000000
25301.710 1.00000 0.00000000
25593.670 1.00000 0.00000000
25603.240 1.00000 0.00000000
27216.810 1.00000 0.00000000
27700.520 1.00000 0.00000000
29156.480 1.00000 0.00000000
29850.430 1.00000 0.00000000
37527.240 1.00000 0.00000000
38670.690 1.00000 0.00000000
39212.240 1.00000 0.00000000
39675.960 1.00000 0.00000000
41736.420 1.00000 0.00000000
45173.010 1.00000 0.00000000
46284.800 1.00000 0.00000000
46990.570 1.00000 0.00000000
51065.770 1.00000 0.00000000
51456.050 1.00000 0.00000000
52844.560 1.00000 0.00000000
57202.420 1.00000 0.00000000
57550.840 1.00000 0.00000000
58704.300 1.00000 0.00000000
60889.780 1.00000 0.00000000
64355.030 1.00000 0.00000000
64711.170 1.00000 0.00000000
65618.940 1.00000 0.00000000
67183.340 1.00000 0.00000000
67279.960 1.00000 0.00000000
70335.110 1.00000 0.00000000
71866.780 1.00000 0.00000000
76338.340 1.00000 0.00000000
77017.810 1.00000 0.00000000
78902.070 1.00000 0.00000000
79791.740 1.00000 0.00000000
81146.550 1.00000 0.00000000
83767.230 1.00000 0.00000000
85785.470 1.00000 0.00000000
