9168.400 1.00000 0.00000000
10420.280 1.00000 0.00000000
11897.490 1.00000 0.00000000
15588.020 1.00000 0.00000000
17140.020 1.00000 0.00000000
22394.480 1.00000 0.00000000
24954.020 1.00000 0.00000000
26434.290 1.00000 0.00000000
27095.780 1.00000 0.00000000
27202.830 1.00000 0.00000000
27309.240 1.00000 0.00000000
29830.000 1.00000 0.00000000
31265.830 1.00000 0.00000000
35132.260 1.00000 0.00000000
36275.730 1.00000 0.00000000
37510.130 1.00000 0.00000000
45166.730 1.00000 0.00000000
45492.080 1.00000 0.00000000
46268.450 1.00000 0.00000000
48265.360 1.00000 0.00000000
48349.020 1.00000 0.00000000
51050.790 1.00000 0.00000000
57166.000 1.00000 0.00000000
58978.140 1.00000 0.00000000
60876.570 1.00000 0.00000000
64580.680 1.00000 0.00000000
64597.810 1.00000 0.00000000
66251.780 1.00000 0.00000000
75777.800 1.00000 0.00000000
76363.070 1.00000 0.00000000
78094.500 1.00000 0.00000000
81317.980 1.00000 0.00000000
82075.070 1.00000 0.00000000
83753.440 1.00000 0.00000000
