5.970 1.00000 0.00000000
932.910 1.00000 0.00000000
3709.400 1.00000 0.00000000
4739.510 1.00000 0.00000000
6064.610 1.00000 0.00000000
7288.640 1.00000 0.00000000
9502.220 1.00000 0.00000000
9765.920 1.00000 0.00000000
11907.690 1.00000 0.00000000
13700.010 1.00000 0.00000000
22409.110 1.00000 0.00000000
22782.340 1.00000 0.00000000
23909.030 1.00000 0.00000000
26609.210 1.00000 0.00000000
27203.380 1.00000 0.00000000
29833.060 1.00000 0.00000000
35283.550 1.00000 0.00000000
37511.030 1.00000 0.00000000
38400.810 1.00000 0.00000000
38860.840 1.00000 0.00000000
43313.080 1.00000 0.00000000
47385.750 1.00000 0.00000000
50081.040 1.00000 0.00000000
74221.990 1.00000 0.00000000
74399.690 1.00000 0.00000000
74515.990 1.00000 0.00000000
75774.220 1.00000 0.00000000
78506.070 1.00000 0.00000000
79679.010 1.00000 0.00000000
82306.860 1.00000 0.00000000
83753.830 1.00000 0.00000000
86106.470 1.00000 0.00000000
