8659.990 1.00000 0.00000000
9168.690 1.00000 0.00000000
9290.580 1.00000 0.00000000
11893.040 1.00000 0.00000000
15589.090 1.00000 0.00000000
17142.010 1.00000 0.00000000
22395.000 1.00000 0.00000000
24954.580 1.00000 0.00000000
27095.810 1.00000 0.00000000
27199.690 1.00000 0.00000000
29829.990 1.00000 0.00000000
35132.120 1.00000 0.00000000
38394.510 1.00000 0.00000000
45168.120 1.00000 0.00000000
45493.070 1.00000 0.00000000
48263.780 1.00000 0.00000000
50365.980 1.00000 0.00000000
51051.570 1.00000 0.00000000
57165.990 1.00000 0.00000000
58979.830 1.00000 0.00000000
60877.800 1.00000 0.00000000
62923.760 1.00000 0.00000000
64703.080 1.00000 0.00000000
74386.010 1.00000 0.00000000
74524.260 1.00000 0.00000000
75777.350 1.00000 0.00000000
78253.000 1.00000 0.00000000
82076.000 1.00000 0.00000000
83749.490 1.00000 0.00000000
85238.100 1.00000 0.00000000
