1440.050 1.00000 0.00000000
13705.270 1.00000 0.00000000
14299.690 1.00000 0.00000000
15688.730 1.00000 0.00000000
22979.820 1.00000 0.00000000
27208.160 1.00000 0.00000000
37025.090 1.00000 0.00000000
38863.840 1.00000 0.00000000
39735.140 1.00000 0.00000000
43317.690 1.00000 0.00000000
47125.050 1.00000 0.00000000
48265.080 1.00000 0.00000000
56357.820 1.00000 0.00000000
57169.050 1.00000 0.00000000
71787.350 1.00000 0.00000000
74221.050 1.00000 0.00000000
78509.470 1.00000 0.00000000
83758.950 1.00000 0.00000000
