217.010 1.00000 0.00000000
1432.980 1.00000 0.00000000
8659.040 1.00000 0.00000000
9294.450 1.00000 0.00000000
13706.950 1.00000 0.00000000
15002.620 1.00000 0.00000000
22980.020 1.00000 0.00000000
24954.980 1.00000 0.00000000
27204.620 1.00000 0.00000000
37027.030 1.00000 0.00000000
38856.010 1.00000 0.00000000
43315.230 1.00000 0.00000000
46287.740 1.00000 0.00000000
57167.060 1.00000 0.00000000
71786.020 1.00000 0.00000000
76122.220 1.00000 0.00000000
78255.100 1.00000 0.00000000
83755.180 1.00000 0.00000000
