    1   2017 02 01 00:00:-0.062       -0.062   1.7728      62.9991    -146.6425      15.0000     -inf     -nan    4    3    7   167.98
    2   2017 02 01 00:00:03.348        3.348   0.9569      62.4258    -143.3488       0.0000     -inf     -nan    3    4    7   217.46
    3   2017 02 01 00:03:25.341      205.341   0.9739      62.0271    -146.3446      20.0000     -inf     -nan    7    1    8   283.78
    4   2017 02 01 00:23:48.061     1428.061   1.9308      62.8303    -145.2795      20.0000     -inf     -nan    6    1    7   126.22
    5   2017 02 01 00:23:54.518     1434.518   1.8114      62.9458    -143.3074      35.0000     -inf     -nan    6    2    8   181.30
    6   2017 02 01 00:42:19.614     2539.614   0.8356      64.5781    -147.1424      35.0000     -inf     -nan   19    1   20   131.57
    7   2017 02 01 00:58:18.194     3498.194   1.7180      61.8181    -144.3741       5.0000     -inf     -nan    6    1    7   296.87
    8   2017 02 01 00:58:56.619     3536.619   0.3997      64.8685    -146.9828       0.0000     -inf     -nan    3   10   13   320.71
    9   2017 02 01 01:01:09.248     3669.248   0.6855      64.7040    -147.6712       0.0000     -inf     -nan   16    8   24   166.55
   10   2017 02 01 01:01:15.920     3675.920   1.0663      62.3488    -143.2192      15.0000     -inf     -nan   17    2   19   287.52
   11   2017 02 01 01:01:35.427     3695.427   1.5786      63.5703    -144.8058      25.0000     -inf     -nan    3    4    7   124.93
   12   2017 02 01 01:01:38.102     3698.102   1.2146      63.2657    -147.1855      20.0000     -inf     -nan    3    2    5   185.42
   13   2017 02 01 01:02:18.654     3738.654   0.4246      64.7939    -147.7314      15.0000     -inf     -nan    6    1    7   133.09
   14   2017 02 01 01:14:13.528     4453.528   0.7947      65.0040    -148.0012      20.0000     -inf     -nan   10    9   19   306.06
   15   2017 02 01 01:14:15.913     4455.913   0.6534      64.5395    -147.0878      10.0000     -inf     -nan   17   13   30   133.37
   16   2017 02 01 01:18:49.333     4729.333   1.7474      63.4487    -145.6852      25.0000     -inf     -nan    6    4   10   142.93
   17   2017 02 01 01:18:51.922     4731.922   0.9948      63.9303    -145.0458      20.0000     -inf     -nan    3    1    4   266.98
   18   2017 02 01 01:23:48.997     5028.997   1.8444      61.5899    -147.5492      25.0000     -inf     -nan    4    3    7   223.53
   19   2017 02 01 01:40:48.289     6048.289   1.0701      63.2714    -147.5931       0.0000     -inf     -nan    6    2    8   186.52
   20   2017 02 01 02:01:21.268     7281.268   1.6493      63.1603    -145.5495      25.0000     -inf     -nan    7    5   12   115.98
   21   2017 02 01 02:13:07.183     7987.183   0.4707      64.7457    -147.9149       0.0000     -inf     -nan   10    1   11   268.21
   22   2017 02 01 02:15:09.305     8109.305   0.7686      64.6234    -145.4493      30.0000     -inf     -nan   22    1   23   173.45
   23   2017 02 01 02:24:11.910     8651.910   1.3257      61.3340    -142.9236      20.0000     -inf     -nan   12    1   13   268.89
   24   2017 02 01 02:24:45.220     8685.220   0.5447      64.8165    -146.8770       5.0000     -inf     -nan    6    7   13   310.32
   25   2017 02 01 02:32:37.164     9157.164   2.0998      62.0571    -145.9846      25.0000     -inf     -nan    7    5   12    84.16
   26   2017 02 01 02:32:43.000     9163.000   0.4980      61.7399    -147.8792      35.0000     -inf     -nan   16    1   17   282.66
   27   2017 02 01 02:34:45.380     9285.380   0.9446      62.4624    -144.5002      20.0000     -inf     -nan    4    1    5    85.77
   28   2017 02 01 02:38:12.553     9492.553   1.6082      64.5695    -147.0278       5.0000     -inf     -nan   17    6   23   121.33
   29   2017 02 01 02:38:16.980     9496.980   1.5637      62.2878    -146.6351      20.0000     -inf     -nan   15    5   20    93.05
   30   2017 02 01 02:42:43.093     9763.093   1.8120      62.7238    -145.6706       5.0000     -inf     -nan    3    2    5   126.45
   31   2017 02 01 03:15:42.163    11742.163   1.1432      63.2414    -147.7131      20.0000     -inf     -nan    3    6    9   224.99
   32   2017 02 01 03:15:59.230    11759.230   0.6793      64.5995    -146.8178      30.0000     -inf     -nan   23   16   39   106.98
   33   2017 02 01 03:18:07.661    11887.661   2.0131      62.0571    -145.9846      25.0000     -inf     -nan   12    5   17    91.76
   34   2017 02 01 03:18:12.855    11892.855   1.0427      61.2918    -145.1843      30.0000     -inf     -nan   11    1   12   195.32
   35   2017 02 01 03:48:19.860    13699.860   1.0331      62.9695    -143.8165      35.0000     -inf     -nan   14    1   15    91.99
   36   2017 02 01 03:51:03.055    13863.055   0.5947      64.6257    -147.6149       5.0000     -inf     -nan   22    4   26   156.11
   37   2017 02 01 04:06:53.573    14813.573   0.7773      64.6857    -147.7649      15.0000     -inf     -nan   24   12   36   144.37
   38   2017 02 01 04:07:12.309    14832.309   2.1047      64.8397    -146.7689      35.0000     -inf     -nan   14   11   25   227.59
   39   2017 02 01 04:10:53.984    15053.984   1.0366      64.8034    -145.5693      25.0000     -inf     -nan    7   22   29   200.48
   40   2017 02 01 04:11:01.570    15061.570   0.5663      61.9081    -143.9841      15.0000     -inf     -nan   18    2   20   282.34
   41   2017 02 01 04:19:41.142    15581.142   1.2206      61.6465    -144.4378      30.0000     -inf     -nan   14    3   17   113.30
   42   2017 02 01 04:44:21.269    17061.269   1.9106      61.9081    -144.3441       5.0000     -inf     -nan    3    3    6   260.81
   43   2017 02 01 04:45:35.694    17135.694   1.7840      61.2502    -145.5228      25.0000     -inf     -nan   15    1   16   129.21
   44   2017 02 01 04:57:10.717    17830.717   1.4045      61.5899    -147.8792       0.0000     -inf     -nan    3    2    5   337.29
   45   2017 02 01 05:33:59.975    20039.975   0.6833      63.1514    -147.4731      30.0000     -inf     -nan    7    1    8   109.70
   46   2017 02 01 05:43:54.062    20634.062   0.3770      64.7583    -147.1861      15.0000     -inf     -nan   24   24   48   137.44
   47   2017 02 01 05:44:01.740    20641.740   0.8280      64.9597    -146.8889      35.0000     -inf     -nan    3    1    4   274.74
   48   2017 02 01 05:44:29.285    20669.285   0.4667      64.9751    -147.0639      15.0000     -inf     -nan    7    7   14   338.71
   49   2017 02 01 05:51:06.696    21066.696   0.3671      64.9807    -146.8765      15.0000     -inf     -nan   12    1   13   283.34
   50   2017 02 01 06:05:25.205    21925.205   1.4531      64.6918    -147.0262       5.0000     -inf     -nan   15    1   16   105.35
   51   2017 02 01 06:05:36.276    21936.276   1.3993      64.8385    -146.9228      25.0000     -inf     -nan    4   16   20   210.93
   52   2017 02 01 06:13:07.485    22387.485   1.9873      61.8176    -147.1233      25.0000     -inf     -nan    5    8   13   120.08
   53   2017 02 01 06:13:09.959    22389.959   0.9220      62.1078    -146.3651      35.0000     -inf     -nan    8    1    9   189.70
   54   2017 02 01 06:19:35.591    22775.591   1.7276      63.5703    -144.9558      20.0000     -inf     -nan   18    5   23    83.40
   55   2017 02 01 06:19:37.743    22777.743   1.2026      64.7434    -145.3293      25.0000     -inf     -nan    6   11   17   194.24
   56   2017 02 01 06:38:24.714    23904.714   1.3887      62.3178    -146.6051      10.0000     -inf     -nan    9    6   15   131.25
   57   2017 02 01 06:38:31.960    23911.960   1.5666      61.4302    -145.2228      35.0000     -inf     -nan   17    1   18   166.76
   58   2017 02 01 07:09:00.839    25740.839   1.1854      65.0640    -148.0612       0.0000     -inf     -nan   24    2   26   307.16
   59   2017 02 01 07:20:19.896    26419.896   1.0702      62.0881    -144.3441       5.0000     -inf     -nan    5    2    7   282.89
   60   2017 02 01 07:20:33.396    26433.396   1.7402      61.7365    -144.5878      20.0000     -inf     -nan    3    6    9   227.60
   61   2017 02 01 07:23:10.788    26590.788   1.7272      63.7487    -145.7452       0.0000     -inf     -nan   12   15   27   116.38
   62   2017 02 01 07:23:20.178    26600.178   0.7739      64.2095    -147.1178      10.0000     -inf     -nan   20    4   24   172.79
   63   2017 02 01 07:31:29.525    27089.525   1.5804      61.8762    -144.5301      20.0000     -inf     -nan    7    1    8   173.59
   64   2017 02 01 07:33:10.452    27190.452   1.4987      62.1104    -145.1913       0.0000     -inf     -nan   25   24   49    51.70
   65   2017 02 01 07:33:22.242    27202.242   1.2607      63.0295    -143.6365      25.0000     -inf     -nan    8    3   11   196.72
   66   2017 02 01 07:33:41.297    27221.297   1.5448      61.7281    -143.9841      25.0000     -inf     -nan    3    2    5   266.33
   67   2017 02 01 07:52:34.646    28354.646   1.3131      64.4495    -146.8178       0.0000     -inf     -nan   21   20   41   231.03
   68   2017 02 01 08:10:48.740    29448.740   1.3615      64.6076    -146.7894       5.0000     -inf     -nan    5    5   10   176.58
   69   2017 02 01 08:16:59.007    29819.007   1.5736      62.0105    -146.6561      25.0000     -inf     -nan   18    1   19   114.11
   70   2017 02 01 08:40:51.875    31251.875   0.7704      62.4991    -145.2664      20.0000     -inf     -nan    4    1    5   262.53
   71   2017 02 01 08:40:56.450    31256.450   0.7858      61.0238    -145.5637      30.0000     -inf     -nan    5    2    7   256.28
   72   2017 02 01 09:05:30.036    32730.036   0.3294      63.3614    -147.7431      30.0000     -inf     -nan    2    1    3   330.19
   73   2017 02 01 09:32:32.500    34352.500   1.3116      62.4601    -145.5747      25.0000     -inf     -nan    3    1    4   241.67
   74   2017 02 01 09:45:20.020    35120.020   0.1080      62.1776    -147.0933      35.0000     -inf     -nan    5    0    5   242.18
   75   2017 02 01 09:45:24.858    35124.858   0.9426      61.3238    -145.5937      25.0000     -inf     -nan    3    1    4   124.94
   76   2017 02 01 09:48:03.728    35283.728   0.5119      64.6681    -146.8724      20.0000     -inf     -nan    3    1    4   182.50
   77   2017 02 01 09:58:31.281    35911.281   1.0877      62.7712    -147.5496      20.0000     -inf     -nan    6    2    8   155.80
   78   2017 02 01 10:04:31.177    36271.177   1.7537      61.4118    -145.3943      25.0000     -inf     -nan    4    2    6   191.18
   79   2017 02 01 10:17:00.345    37020.345   1.5787      62.8791    -143.8790      30.0000     -inf     -nan    4    1    5   202.65
   80   2017 02 01 10:24:46.635    37486.635   1.2817      61.9233    -147.8658       5.0000     -inf     -nan   19   18   37   211.93
   81   2017 02 01 10:27:52.872    37672.872   0.9942      62.9714    -147.5931      20.0000     -inf     -nan    9    2   11   176.75
   82   2017 02 01 10:38:24.646    38304.646   0.6538      62.1181    -144.0141       0.0000     -inf     -nan    3    3    6   295.48
   83   2017 02 01 10:39:55.010    38395.010   0.8573      63.0238    -145.6706      35.0000     -inf     -nan   15    1   16   241.50
   84   2017 02 01 10:44:26.260    38666.260   0.8635      61.3402    -145.5228      15.0000     -inf     -nan    3    1    4   177.98
   85   2017 02 01 10:47:27.337    38847.337   1.4263      63.6340    -145.5880      25.0000     -inf     -nan    9    4   13   139.83
   86   2017 02 01 11:01:45.997    39705.997   1.7323      63.1814    -147.7431      20.0000     -inf     -nan   10   16   26   243.38
   87   2017 02 01 11:01:58.545    39718.545   0.7027      64.7457    -147.6149       5.0000     -inf     -nan   12    1   13   222.17
   88   2017 02 01 11:14:17.105    40457.105   0.5190      61.3940    -142.8336       0.0000     -inf     -nan    6    1    7   249.46
   89   2017 02 01 11:20:42.493    40842.493   0.5881      64.5985    -146.5928      20.0000     -inf     -nan   13    1   14   222.40
   90   2017 02 01 11:37:47.358    41867.358   0.3562      63.6887    -145.8352      20.0000     -inf     -nan    3    1    4   239.85
   91   2017 02 01 12:01:41.688    43301.688   1.9041      62.2891    -144.9664      20.0000     -inf     -nan   11    4   15   162.52
   92   2017 02 01 12:09:47.892    43787.892   0.5085      64.8985    -146.8628       0.0000     -inf     -nan   12    1   13   267.98
   93   2017 02 01 12:10:05.056    43805.056   1.1660      64.8233    -146.8627       5.0000     -inf     -nan    3   13   16   288.60
   94   2017 02 01 12:32:33.311    45153.311   1.7762      62.4601    -145.4547       0.0000     -inf     -nan   11    8   19   140.78
   95   2017 02 01 12:32:47.834    45167.834   2.0716      61.6374    -145.2712       0.0000     -inf     -nan    8   12   20   109.14
   96   2017 02 01 12:33:37.046    45217.046   0.2489      64.9837    -146.9411      30.0000     -inf     -nan    7    1    8   299.81
   97   2017 02 01 12:37:56.350    45476.350   1.5585      61.7433    -147.6258      15.0000     -inf     -nan   11    6   17   182.09
   98   2017 02 01 12:38:06.197    45486.197   1.2251      61.8761    -144.9148      15.0000     -inf     -nan    8    3   11    80.86
   99   2017 02 01 12:38:10.378    45490.378   1.3490      61.0796    -145.9445      35.0000     -inf     -nan    8    1    9   161.70
  100   2017 02 01 12:50:58.535    46258.535   1.5690      61.0721    -146.1363       0.0000     -inf     -nan    5    3    8   217.26
  101   2017 02 01 13:09:33.814    47373.814   1.7782      61.7504    -145.4313      25.0000     -inf     -nan   14    1   15    79.45
  102   2017 02 01 13:09:41.000    47381.000   1.4366      63.0270    -145.8380      35.0000     -inf     -nan   11    1   12   167.46
  103   2017 02 01 13:09:57.896    47397.896   1.2202      64.6376    -146.9994       0.0000     -inf     -nan    7   10   17   176.98
  104   2017 02 01 13:24:24.748    48264.748   1.0320      61.9981    -144.2841      35.0000     -inf     -nan   16    1   17    99.14
  105   2017 02 01 13:50:09.711    49809.711   1.1123      64.7896    -146.8936      25.0000     -inf     -nan   16    2   18   184.75
  106   2017 02 01 13:54:29.046    50069.046   1.0344      63.4787    -146.0152       0.0000     -inf     -nan    8    8   16   159.99
  107   2017 02 01 13:56:25.390    50185.390   0.9358      64.7554    -147.1790       0.0000     -inf     -nan   22   19   41   179.96
  108   2017 02 01 14:10:44.531    51044.531   1.9701      61.9376    -146.7633      20.0000     -inf     -nan    9    9   18    92.09
  109   2017 02 01 14:12:19.500    51139.500   1.6634      64.7554    -147.0890       0.0000     -inf     -nan   13    3   16   150.11
  110   2017 02 01 14:12:35.418    51155.418   0.4082      64.8420    -147.0857      25.0000     -inf     -nan   11   13   24   299.93
  111   2017 02 01 14:17:31.860    51451.860   0.8053      61.3702    -145.5228       0.0000     -inf     -nan    3    1    4   154.33
  112   2017 02 01 14:26:36.915    51996.915   0.9044      62.8491    -146.9125      25.0000     -inf     -nan    5    1    6   203.62
  113   2017 02 01 14:28:46.414    52126.414   1.5450      64.7340    -147.6712       0.0000     -inf     -nan   22   16   38   231.72
  114   2017 02 01 14:30:27.959    52227.959   1.0971      61.7281    -143.9841      15.0000     -inf     -nan    3    1    4   339.75
  115   2017 02 01 14:38:41.118    52721.118   1.1447      62.9657    -147.2755      25.0000     -inf     -nan    4    3    7   120.53
  116   2017 02 01 14:53:27.010    53607.010   1.6016      61.5180    -143.8676      30.0000     -inf     -nan    4    1    5   123.40
  117   2017 02 01 14:56:00.668    53760.668   1.8214      62.7712    -147.8796       0.0000     -inf     -nan    5    3    8   206.42
  118   2017 02 01 14:56:06.753    53766.753   1.5507      61.8481    -144.1941      25.0000     -inf     -nan    3    3    6   239.19
  119   2017 02 01 15:08:52.775    54532.775   0.3005      64.9207    -146.8465       0.0000     -inf     -nan   14    1   15   266.96
  120   2017 02 01 15:08:55.640    54535.640   0.5749      64.1665    -143.8001      35.0000     -inf     -nan   12    1   13   186.42
  121   2017 02 01 15:35:29.097    56129.097   0.5295      63.6287    -145.9852      10.0000     -inf     -nan    3    1    4   232.30
  122   2017 02 01 15:51:47.187    57107.187   0.9514      64.4495    -146.7578       0.0000     -inf     -nan   24   25   49   148.43
  123   2017 02 01 15:52:23.607    57143.607   1.2692      63.2057    -147.3655      15.0000     -inf     -nan   12    2   14   119.75
  124   2017 02 01 15:52:40.271    57160.271   1.6038      62.4924    -144.5002      20.0000     -inf     -nan   14    2   16    90.40
  125   2017 02 01 16:12:24.331    58344.331   0.7931      62.9370    -145.8980       0.0000     -inf     -nan   16    1   17   335.33
  126   2017 02 01 16:17:35.415    58655.415   0.7305      64.9654    -146.9390       0.0000     -inf     -nan   21    2   23   291.93
  127   2017 02 01 16:22:46.884    58966.884   1.6775      61.2233    -143.6663      25.0000     -inf     -nan    9    1   10   248.35
  128   2017 02 01 16:54:26.184    60866.184   1.5018      61.0421    -146.1363      10.0000     -inf     -nan   18    4   22   235.26
  129   2017 02 01 17:08:57.700    61737.700   0.7238      64.7283    -147.0661       0.0000     -inf     -nan   20   17   37   105.60
  130   2017 02 01 17:09:06.585    61746.585   0.9345      64.9585    -146.5928      35.0000     -inf     -nan    3    1    4   294.85
  131   2017 02 01 17:16:46.113    62206.113   0.5073      62.3101    -145.5147       0.0000     -inf     -nan    3    1    4   183.49
  132   2017 02 01 17:28:35.642    62915.642   1.6048      62.5243    -145.0275      25.0000     -inf     -nan    9    1   10   103.86
  133   2017 02 01 17:58:21.444    64701.444   1.5979      61.9974    -145.3912      10.0000     -inf     -nan   14   10   24    73.22
  134   2017 02 01 17:58:29.867    64709.867   1.8631      62.3143    -144.6375       5.0000     -inf     -nan    6    6   12   110.52
  135   2017 02 01 17:58:44.479    64724.479   1.6491      62.7232    -143.5531       5.0000     -inf     -nan    9    4   13   115.94
  136   2017 02 01 18:22:42.795    66162.795   1.5746      64.5985    -146.9828      10.0000     -inf     -nan    3    2    5   183.87
  137   2017 02 01 19:06:35.713    68795.713   1.2073      61.6228    -145.7923      25.0000     -inf     -nan    6    1    7   131.93
  138   2017 02 01 19:12:52.300    69172.300   1.2111      64.5657    -147.6449       5.0000     -inf     -nan   16    1   17   168.21
  139   2017 02 01 19:24:27.875    69867.875   1.1365      64.9396    -146.9236      15.0000     -inf     -nan    7    7   14   343.83
  140   2017 02 01 19:34:17.456    70457.456   0.8106      61.9499    -147.6392      20.0000     -inf     -nan    3    3    6   168.94
  141   2017 02 01 19:51:27.750    71487.750   0.1325      64.9618    -146.9962      25.0000     -inf     -nan    5    5   10   335.98
  142   2017 02 01 19:56:18.637    71778.637   1.0064      62.6958    -143.5288      25.0000     -inf     -nan    8    1    9   178.96
  143   2017 02 01 20:17:46.917    73066.917   0.5627      64.5783    -147.0361      10.0000     -inf     -nan   23   23   46   113.72
  144   2017 02 01 20:17:57.914    73077.914   0.6237      64.6381    -147.1424      25.0000     -inf     -nan    3    3    6   246.37
  145   2017 02 01 20:22:12.643    73332.643   1.7590      61.6233    -147.8658      25.0000     -inf     -nan    8    2   10   239.52
  146   2017 02 01 20:36:54.470    74214.470   1.3580      62.2710    -145.2878      10.0000     -inf     -nan    8    1    9   264.88
  147   2017 02 01 20:39:40.831    74380.831   1.6116      61.5536    -145.4252      30.0000     -inf     -nan   10    2   12   106.13
  148   2017 02 01 20:39:44.892    74384.892   1.4429      62.1001    -145.6047       0.0000     -inf     -nan    6    7   13    79.39
  149   2017 02 01 20:41:48.967    74508.967   1.9193      62.1301    -145.3047       0.0000     -inf     -nan    9    4   13   122.89
  150   2017 02 01 20:41:55.325    74515.325   0.8843      61.3736    -145.4252      35.0000     -inf     -nan    9    1   10   197.26
  151   2017 02 01 21:02:34.150    75754.150   1.8781      62.4112    -147.9096      10.0000     -inf     -nan   11    2   13   225.26
  152   2017 02 01 21:02:50.581    75770.581   1.9802      61.5328    -146.0923      10.0000     -inf     -nan    5    2    7   200.65
  153   2017 02 01 21:02:54.415    75774.415   1.4901      63.7187    -145.9852      25.0000     -inf     -nan    7    4   11   213.34
  154   2017 02 01 21:15:23.791    76523.791   1.3797      64.8539    -147.6714      15.0000     -inf     -nan   17    5   22   174.79
  155   2017 02 01 21:15:31.044    76531.044   0.8867      61.7281    -144.3441      35.0000     -inf     -nan   14    1   15   308.30
  156   2017 02 01 21:41:22.132    78082.132   0.9862      62.8470    -145.8980      20.0000     -inf     -nan    4    2    6   187.44
  157   2017 02 01 21:44:23.165    78263.165   1.0355      64.9076    -147.0594      35.0000     -inf     -nan   20    1   21   266.34
  158   2017 02 01 21:46:11.604    78371.604   1.0755      61.7281    -143.9841       0.0000     -inf     -nan    3    3    6   333.41
  159   2017 02 01 21:48:24.525    78504.525   1.0775      63.1558    -143.4874      35.0000     -inf     -nan   22    1   23   104.19
  160   2017 02 01 22:00:29.550    79229.550   1.9636      62.4112    -147.9396      30.0000     -inf     -nan    3    3    6   344.96
  161   2017 02 01 22:38:40.153    81520.153   1.8204      61.7965    -144.7678      25.0000     -inf     -nan    6    1    7   123.35
  162   2017 02 01 22:40:04.942    81604.942   1.0843      61.6624    -147.1386      30.0000     -inf     -nan    4    1    5   189.24
  163   2017 02 01 22:47:49.058    82069.058   1.7380      62.1001    -145.2447      10.0000     -inf     -nan   16    6   22   117.53
  164   2017 02 01 22:51:35.204    82295.204   1.7233      63.1457    -147.1855      25.0000     -inf     -nan    8    7   15   125.62
  165   2017 02 01 23:15:41.057    83741.057   1.6542      62.0274    -145.0612       0.0000     -inf     -nan   16   21   37    56.76
  166   2017 02 01 23:15:51.980    83751.980   1.5900      63.6587    -145.8352      30.0000     -inf     -nan   14    2   16   256.44
  167   2017 02 01 23:15:55.044    83755.044   0.7067      63.2391    -146.6425      35.0000     -inf     -nan   12    1   13   134.64
  168   2017 02 01 23:40:20.587    85220.587   1.4441      61.4965    -144.4978      15.0000     -inf     -nan    2    0    2   148.10
  169   2017 02 01 23:40:30.253    85230.253   0.7993      61.3838    -145.6237      25.0000     -inf     -nan    2    2    4   127.55
  170   2017 02 01 23:47:20.934    85640.934   1.2093      62.8491    -147.0325      15.0000     -inf     -nan    3    2    5   235.86
