2541.788 0.68000 0.00000000
3742.648 0.88000 0.00000000
4462.618 0.48000 0.00000000
7988.308 0.16000 0.00000000
11556.928 0.58000 0.00000000
11764.458 0.72000 0.00000000
20040.418 0.29000 0.00000000
20639.368 0.78000 0.00000000
21932.998 0.45000 0.00000000
22781.468 0.24000 0.00000000
23907.008 0.54000 0.00000000
25754.988 0.14000 0.00000000
26605.318 0.65000 0.00000000
27687.068 0.70000 0.00000000
39722.558 0.68000 0.00000000
40241.778 0.46000 0.00000000
45214.468 0.20000 0.00000000
47648.928 0.18000 0.00000000
51134.468 0.70000 0.00000000
55621.698 0.76000 0.00000000
57112.158 0.83000 0.00000000
58642.018 0.47000 0.00000000
68204.568 0.75000 0.00000000
68218.138 0.24000 0.00000000
69173.578 0.84000 0.00000000
73073.298 0.76000 0.00000000
78270.858 0.56000 0.00000000
