2150.008 0.12000 0.00000000
5030.658 0.88000 0.00000000
5800.088 0.31000 0.00000000
6183.998 0.41000 0.00000000
8705.228 0.28000 0.00000000
9164.018 0.87000 0.00000000
11892.708 0.74000 0.00000000
12404.168 0.14000 0.00000000
13198.978 0.25000 0.00000000
15632.978 0.19000 0.00000000
18153.038 0.68000 0.00000000
22389.888 0.62000 0.00000000
26436.578 0.34000 0.00000000
27202.928 0.81000 0.00000000
27224.798 0.14000 0.00000000
29825.008 0.91000 0.00000000
30028.448 0.76000 0.00000000
31263.208 0.80000 0.00000000
34362.008 0.46000 0.00000000
35127.718 0.81000 0.00000000
36277.558 0.80000 0.00000000
37681.958 0.41000 0.00000000
38321.468 0.11000 0.00000000
43012.028 0.35000 0.00000000
45163.538 0.85000 0.00000000
45491.028 0.86000 0.00000000
46264.468 0.39000 0.00000000
51045.998 0.74000 0.00000000
52589.998 0.27000 0.00000000
53770.908 0.50000 0.00000000
54992.768 0.76000 0.00000000
55276.028 0.27000 0.00000000
57166.048 0.76000 0.00000000
58246.588 0.80000 0.00000000
58982.108 0.28000 0.00000000
60872.898 0.59000 0.00000000
62039.058 0.18000 0.00000000
64463.608 0.80000 0.00000000
64698.598 0.76000 0.00000000
74380.208 0.69000 0.00000000
74519.888 0.79000 0.00000000
75773.008 0.91000 0.00000000
81614.028 0.30000 0.00000000
82080.778 0.85000 0.00000000
83752.668 0.64000 0.00000000
85232.828 0.82000 0.00000000
85475.988 0.24000 0.00000000
