5040.718 0.75000 0.00000000
8737.298 0.13000 0.00000000
9177.078 0.50000 0.00000000
9530.608 0.44000 0.00000000
11900.158 0.64000 0.00000000
12408.808 0.22000 0.00000000
17843.878 0.68000 0.00000000
18185.628 0.28000 0.00000000
22398.728 0.30000 0.00000000
23929.918 0.39000 0.00000000
26983.488 0.43000 0.00000000
27222.798 0.43000 0.00000000
32063.348 0.26000 0.00000000
32747.988 0.38000 0.00000000
35136.348 0.65000 0.00000000
36286.108 0.70000 0.00000000
36303.608 0.33000 0.00000000
36829.618 0.47000 0.00000000
41485.418 0.12000 0.00000000
45179.838 0.37000 0.00000000
45487.258 0.55000 0.00000000
51055.668 0.29000 0.00000000
52722.028 0.64000 0.00000000
53780.178 0.19000 0.00000000
60888.068 0.47000 0.00000000
62141.738 0.30000 0.00000000
63041.298 0.30000 0.00000000
64709.018 0.78000 0.00000000
70480.788 0.22000 0.00000000
73344.568 0.65000 0.00000000
74389.698 0.21000 0.00000000
74520.158 0.71000 0.00000000
75189.318 0.54000 0.00000000
79696.448 0.30000 0.00000000
81251.218 0.21000 0.00000000
81623.918 0.24000 0.00000000
82081.148 0.57000 0.00000000
85239.578 0.56000 0.00000000
85559.358 0.15000 0.00000000
