594.350 0.69000 0.00000000
3043.270 0.36000 0.00000000
7793.580 0.47000 0.00000000
11812.770 0.28000 0.00000000
20968.500 0.27000 0.00000000
22983.960 0.84000 0.00000000
31170.130 0.12000 0.00000000
31374.990 0.66000 0.00000000
38188.100 0.18000 0.00000000
38209.990 0.20000 0.00000000
38993.570 0.62000 0.00000000
39498.390 0.14000 0.00000000
42866.290 0.25000 0.00000000
43169.720 0.69000 0.00000000
48908.930 0.43000 0.00000000
57216.670 0.22000 0.00000000
57487.130 0.39000 0.00000000
63952.780 0.78000 0.00000000
64749.910 0.55000 0.00000000
74223.930 0.83000 0.00000000
74237.930 0.64000 0.00000000
77140.070 0.44000 0.00000000
81955.740 0.49000 0.00000000
83173.000 0.45000 0.00000000
85658.500 0.83000 0.00000000
