2559.300 0.59000 0.00000000
4464.130 0.67000 0.00000000
4780.630 0.27000 0.00000000
6088.070 0.11000 0.00000000
8015.570 0.44000 0.00000000
8135.820 0.43000 0.00000000
8382.920 0.32000 0.00000000
8687.690 0.79000 0.00000000
9519.430 0.26000 0.00000000
11768.880 0.38000 0.00000000
12060.680 0.81000 0.00000000
12271.240 0.61000 0.00000000
16226.620 0.32000 0.00000000
17500.700 0.32000 0.00000000
20640.250 0.77000 0.00000000
21942.140 0.24000 0.00000000
22796.780 0.69000 0.00000000
23932.450 0.32000 0.00000000
25763.290 0.46000 0.00000000
26624.350 0.28000 0.00000000
28363.370 0.59000 0.00000000
31915.890 0.28000 0.00000000
33600.330 0.82000 0.00000000
34238.660 0.83000 0.00000000
40863.060 0.17000 0.00000000
43806.460 0.24000 0.00000000
46336.360 0.80000 0.00000000
49815.710 0.65000 0.00000000
50190.520 0.82000 0.00000000
52135.960 0.80000 0.00000000
54553.130 0.37000 0.00000000
56823.550 0.31000 0.00000000
56978.910 0.63000 0.00000000
57118.010 0.47000 0.00000000
57980.720 0.25000 0.00000000
58382.140 0.79000 0.00000000
58669.140 0.30000 0.00000000
61741.240 0.72000 0.00000000
66181.320 0.41000 0.00000000
69875.090 0.79000 0.00000000
71497.060 0.76000 0.00000000
73074.290 0.77000 0.00000000
75815.420 0.42000 0.00000000
76533.100 0.77000 0.00000000
78282.010 0.42000 0.00000000
