2546.610 0.40000 0.00000000
3533.990 0.21000 0.00000000
3675.760 0.66000 0.00000000
4461.090 0.65000 0.00000000
8119.770 0.27000 0.00000000
11765.210 0.74000 0.00000000
15061.610 0.76000 0.00000000
17089.900 0.50000 0.00000000
20637.420 0.62000 0.00000000
20649.240 0.12000 0.00000000
22782.060 0.64000 0.00000000
25751.020 0.79000 0.00000000
26608.450 0.24000 0.00000000
28361.470 0.78000 0.00000000
45223.060 0.17000 0.00000000
50187.390 0.77000 0.00000000
54535.570 0.31000 0.00000000
57112.830 0.69000 0.00000000
57159.170 0.31000 0.00000000
58378.810 0.55000 0.00000000
58659.480 0.46000 0.00000000
66551.020 0.11000 0.00000000
69872.030 0.30000 0.00000000
73070.990 0.59000 0.00000000
78269.170 0.27000 0.00000000
