2545.790 0.21000 0.00000000
2566.430 0.12000 0.00000000
3675.510 0.75000 0.00000000
4460.880 0.19000 0.00000000
7995.200 0.52000 0.00000000
8119.990 0.26000 0.00000000
11764.900 0.69000 0.00000000
14821.360 0.75000 0.00000000
14836.380 0.10000 0.00000000
15061.920 0.83000 0.00000000
15087.090 0.11000 0.00000000
20637.110 0.61000 0.00000000
23912.740 0.19000 0.00000000
25750.990 0.66000 0.00000000
26608.590 0.75000 0.00000000
28362.090 0.20000 0.00000000
35287.010 0.43000 0.00000000
39725.110 0.37000 0.00000000
40847.370 0.20000 0.00000000
43790.610 0.53000 0.00000000
49704.500 0.16000 0.00000000
50187.020 0.77000 0.00000000
52134.240 0.32000 0.00000000
54536.230 0.28000 0.00000000
57112.860 0.64000 0.00000000
58658.570 0.47000 0.00000000
61738.700 0.79000 0.00000000
73071.030 0.74000 0.00000000
73082.650 0.14000 0.00000000
78269.110 0.41000 0.00000000
