2547.120 0.36000 0.00000000
4461.720 0.50000 0.00000000
7996.230 0.40000 0.00000000
8119.160 0.26000 0.00000000
11766.010 0.76000 0.00000000
13870.260 0.83000 0.00000000
14822.240 0.79000 0.00000000
15060.920 0.80000 0.00000000
16216.820 0.17000 0.00000000
20638.040 0.76000 0.00000000
20674.270 0.21000 0.00000000
21070.840 0.60000 0.00000000
25751.020 0.60000 0.00000000
26609.100 0.73000 0.00000000
28361.840 0.64000 0.00000000
50187.870 0.53000 0.00000000
51143.300 0.15000 0.00000000
51161.010 0.80000 0.00000000
52134.380 0.61000 0.00000000
54534.810 0.71000 0.00000000
57113.460 0.77000 0.00000000
58379.570 0.56000 0.00000000
58659.760 0.41000 0.00000000
61739.700 0.78000 0.00000000
64743.370 0.61000 0.00000000
71493.070 0.64000 0.00000000
73071.520 0.63000 0.00000000
78269.360 0.44000 0.00000000
