2546.680 0.61000 0.00000000
4461.100 0.66000 0.00000000
4759.820 0.21000 0.00000000
6063.140 0.41000 0.00000000
7996.030 0.44000 0.00000000
8119.940 0.65000 0.00000000
8365.500 0.17000 0.00000000
8686.670 0.66000 0.00000000
9496.990 0.91000 0.00000000
11765.300 0.83000 0.00000000
12057.800 0.58000 0.00000000
12269.650 0.64000 0.00000000
16216.070 0.59000 0.00000000
17489.350 0.16000 0.00000000
20637.320 0.73000 0.00000000
21926.130 0.26000 0.00000000
22782.200 0.73000 0.00000000
23911.940 0.20000 0.00000000
25751.000 0.93000 0.00000000
26608.500 0.41000 0.00000000
28361.530 0.65000 0.00000000
31893.630 0.28000 0.00000000
33599.410 0.75000 0.00000000
34237.680 0.79000 0.00000000
40847.450 0.13000 0.00000000
43790.510 0.44000 0.00000000
46334.460 0.78000 0.00000000
49813.710 0.85000 0.00000000
50187.450 0.84000 0.00000000
52134.140 0.82000 0.00000000
54535.640 0.60000 0.00000000
56810.210 0.10000 0.00000000
56964.520 0.50000 0.00000000
57112.830 0.80000 0.00000000
57969.000 0.14000 0.00000000
58378.930 0.85000 0.00000000
58381.720 0.47000 0.00000000
58659.020 0.51000 0.00000000
61739.030 0.78000 0.00000000
66167.000 0.58000 0.00000000
69872.150 0.75000 0.00000000
71493.040 0.66000 0.00000000
73070.950 0.78000 0.00000000
75783.830 0.51000 0.00000000
76530.940 0.82000 0.00000000
78269.530 0.53000 0.00000000
