2546.930 0.36000 0.00000000
3676.030 0.74000 0.00000000
9497.000 0.89000 0.00000000
11765.500 0.78000 0.00000000
15061.350 0.69000 0.00000000
20637.720 0.82000 0.00000000
20674.350 0.13000 0.00000000
21941.730 0.17000 0.00000000
23912.550 0.12000 0.00000000
25751.230 0.49000 0.00000000
26608.730 0.53000 0.00000000
28361.460 0.77000 0.00000000
29452.100 0.70000 0.00000000
40848.330 0.44000 0.00000000
45223.600 0.18000 0.00000000
47400.720 0.76000 0.00000000
47464.190 0.26000 0.00000000
51143.460 0.50000 0.00000000
52133.950 0.59000 0.00000000
54535.120 0.46000 0.00000000
57113.700 0.19000 0.00000000
58659.440 0.24000 0.00000000
59355.250 0.21000 0.00000000
73070.920 0.75000 0.00000000
78269.630 0.47000 0.00000000
