2558.190 0.23000 0.00000000
3679.910 0.15000 0.00000000
8138.710 0.17000 0.00000000
9509.180 0.10000 0.00000000
11767.680 0.41000 0.00000000
14824.620 0.28000 0.00000000
14842.900 0.17000 0.00000000
15070.050 0.28000 0.00000000
20639.400 0.45000 0.00000000
21945.110 0.18000 0.00000000
22796.520 0.21000 0.00000000
23933.820 0.45000 0.00000000
25762.100 0.28000 0.00000000
26623.580 0.38000 0.00000000
28363.160 0.62000 0.00000000
39740.010 0.11000 0.00000000
40866.050 0.26000 0.00000000
43809.410 0.12000 0.00000000
47402.460 0.12000 0.00000000
50189.730 0.44000 0.00000000
52135.800 0.72000 0.00000000
54554.440 0.41000 0.00000000
57117.080 0.32000 0.00000000
58667.570 0.21000 0.00000000
61740.040 0.45000 0.00000000
73073.420 0.58000 0.00000000
78282.220 0.28000 0.00000000
