2547.110 0.65000 0.00000000
3532.960 0.11000 0.00000000
3676.260 0.54000 0.00000000
4461.520 0.76000 0.00000000
7996.320 0.18000 0.00000000
8120.360 0.38000 0.00000000
8686.580 0.69000 0.00000000
9496.980 0.79000 0.00000000
11765.460 0.35000 0.00000000
15061.440 0.75000 0.00000000
20637.700 0.66000 0.00000000
21926.950 0.20000 0.00000000
22781.960 0.81000 0.00000000
23912.150 0.12000 0.00000000
25751.010 0.87000 0.00000000
26608.430 0.50000 0.00000000
28361.190 0.85000 0.00000000
39724.410 0.39000 0.00000000
40847.810 0.12000 0.00000000
43805.880 0.24000 0.00000000
50187.740 0.73000 0.00000000
52133.690 0.63000 0.00000000
54535.900 0.24000 0.00000000
55491.410 0.48000 0.00000000
56810.460 0.13000 0.00000000
57112.720 0.56000 0.00000000
58379.200 0.75000 0.00000000
58659.600 0.23000 0.00000000
61738.850 0.49000 0.00000000
69872.010 0.17000 0.00000000
73070.940 0.72000 0.00000000
75566.100 0.44000 0.00000000
76531.250 0.56000 0.00000000
78270.150 0.66000 0.00000000
79044.600 0.70000 0.00000000
