2558.920 0.11000 0.00000000
3539.800 0.18000 0.00000000
3679.880 0.18000 0.00000000
4464.120 0.53000 0.00000000
8015.530 0.20000 0.00000000
8137.030 0.20000 0.00000000
11768.900 0.34000 0.00000000
11800.750 0.22000 0.00000000
14825.990 0.18000 0.00000000
15068.300 0.57000 0.00000000
15095.690 0.20000 0.00000000
20640.390 0.42000 0.00000000
20677.800 0.16000 0.00000000
21089.410 0.20000 0.00000000
23934.890 0.10000 0.00000000
25763.920 0.34000 0.00000000
26624.780 0.16000 0.00000000
28363.690 0.64000 0.00000000
28387.390 0.40000 0.00000000
39740.840 0.12000 0.00000000
45243.570 0.11000 0.00000000
50190.510 0.41000 0.00000000
51163.620 0.20000 0.00000000
52136.300 0.26000 0.00000000
54552.790 0.41000 0.00000000
57118.350 0.39000 0.00000000
58382.410 0.30000 0.00000000
58669.150 0.16000 0.00000000
61741.540 0.73000 0.00000000
64753.150 0.11000 0.00000000
73074.620 0.61000 0.00000000
76533.430 0.64000 0.00000000
78282.010 0.27000 0.00000000
