3540.100 0.17000 0.00000000
3679.270 0.28000 0.00000000
4463.790 0.39000 0.00000000
8137.850 0.18000 0.00000000
11768.530 0.38000 0.00000000
14825.430 0.22000 0.00000000
14841.160 0.16000 0.00000000
15069.120 0.45000 0.00000000
15090.710 0.13000 0.00000000
20640.000 0.59000 0.00000000
20677.280 0.19000 0.00000000
21086.550 0.15000 0.00000000
21943.870 0.20000 0.00000000
22796.970 0.40000 0.00000000
23933.220 0.14000 0.00000000
25762.990 0.22000 0.00000000
26624.450 0.42000 0.00000000
28363.500 0.52000 0.00000000
29456.340 0.16000 0.00000000
39740.990 0.14000 0.00000000
40864.730 0.10000 0.00000000
50190.280 0.51000 0.00000000
51162.620 0.17000 0.00000000
52136.100 0.76000 0.00000000
54553.440 0.18000 0.00000000
57117.740 0.45000 0.00000000
57179.580 0.11000 0.00000000
58668.470 0.23000 0.00000000
61740.740 0.48000 0.00000000
73074.180 0.67000 0.00000000
