7290.250 0.61000 0.00000000
9496.000 0.20000 0.00000000
21938.360 0.41000 0.00000000
22776.740 0.76000 0.00000000
23908.910 0.47000 0.00000000
25769.010 0.25000 0.00000000
26602.710 0.42000 0.00000000
27221.940 0.56000 0.00000000
29837.980 0.18000 0.00000000
39716.300 0.20000 0.00000000
47395.290 0.59000 0.00000000
57123.280 0.20000 0.00000000
57811.870 0.78000 0.00000000
60904.670 0.23000 0.00000000
63931.980 0.14000 0.00000000
64729.990 0.49000 0.00000000
66159.120 0.55000 0.00000000
73084.930 0.37000 0.00000000
75780.030 0.40000 0.00000000
78505.830 0.40000 0.00000000
82309.730 0.70000 0.00000000
