5.260 0.44000 0.00000000
3641.910 0.28000 0.00000000
3715.420 0.42000 0.00000000
6074.010 0.44000 0.00000000
6779.250 0.56000 0.00000000
9515.640 0.58000 0.00000000
20067.390 0.31000 0.00000000
22789.240 0.28000 0.00000000
26607.950 0.58000 0.00000000
29866.190 0.46000 0.00000000
30711.270 0.24000 0.00000000
35926.470 0.59000 0.00000000
37524.110 0.52000 0.00000000
37706.050 0.11000 0.00000000
47433.310 0.35000 0.00000000
50086.920 0.67000 0.00000000
66526.270 0.30000 0.00000000
74428.290 0.40000 0.00000000
82104.630 0.34000 0.00000000
82306.740 0.66000 0.00000000
83777.370 0.41000 0.00000000
83878.180 0.52000 0.00000000
