1015.000 0.14000 0.00000000
3706.000 0.76000 0.00000000
4738.140 0.44000 0.00000000
6061.840 0.14000 0.00000000
6614.940 0.18000 0.00000000
6775.910 0.62000 0.00000000
7287.840 0.53000 0.00000000
7867.470 0.22000 0.00000000
9499.030 0.51000 0.00000000
9762.440 0.31000 0.00000000
19211.250 0.83000 0.00000000
20051.260 0.37000 0.00000000
22779.110 0.77000 0.00000000
22869.050 0.20000 0.00000000
23904.990 0.71000 0.00000000
26604.280 0.34000 0.00000000
26969.040 0.20000 0.00000000
27208.110 0.80000 0.00000000
30921.030 0.29000 0.00000000
31882.080 0.71000 0.00000000
37511.620 0.28000 0.00000000
37686.110 0.19000 0.00000000
47385.990 0.75000 0.00000000
50076.710 0.64000 0.00000000
52731.750 0.16000 0.00000000
58345.680 0.25000 0.00000000
58902.410 0.29000 0.00000000
60067.550 0.47000 0.00000000
62038.570 0.62000 0.00000000
68305.110 0.70000 0.00000000
69873.890 0.63000 0.00000000
75186.000 0.28000 0.00000000
75772.050 0.74000 0.00000000
78088.350 0.57000 0.00000000
78094.670 0.20000 0.00000000
78505.110 0.47000 0.00000000
82303.800 0.75000 0.00000000
83758.240 0.54000 0.00000000
