20.230 0.14000 0.00000000
1054.970 0.12000 0.00000000
9531.980 0.55000 0.00000000
11903.000 0.34000 0.00000000
12422.180 0.48000 0.00000000
22408.050 0.31000 0.00000000
23931.950 0.50000 0.00000000
27211.610 0.61000 0.00000000
29383.040 0.19000 0.00000000
29860.520 0.55000 0.00000000
35718.800 0.25000 0.00000000
37509.060 0.36000 0.00000000
37701.360 0.16000 0.00000000
38338.520 0.21000 0.00000000
51066.470 0.23000 0.00000000
52606.770 0.46000 0.00000000
52733.100 0.10000 0.00000000
53792.790 0.11000 0.00000000
59789.990 0.35000 0.00000000
60897.440 0.43000 0.00000000
64711.370 0.16000 0.00000000
66432.320 0.41000 0.00000000
74398.250 0.21000 0.00000000
74526.540 0.50000 0.00000000
82084.630 0.64000 0.00000000
