5.970 0.40000 0.00000000
1053.830 0.11000 0.00000000
9503.550 0.25000 0.00000000
11894.930 0.85000 0.00000000
12406.720 0.12000 0.00000000
22394.990 0.79000 0.00000000
23909.880 0.29000 0.00000000
27202.140 0.63000 0.00000000
29367.000 0.15000 0.00000000
29824.010 0.87000 0.00000000
35707.010 0.16000 0.00000000
37498.820 0.75000 0.00000000
37678.040 0.58000 0.00000000
38324.750 0.22000 0.00000000
51049.930 0.65000 0.00000000
52593.010 0.36000 0.00000000
52720.060 0.63000 0.00000000
53769.090 0.17000 0.00000000
59776.140 0.37000 0.00000000
60878.330 0.70000 0.00000000
64702.340 0.64000 0.00000000
66416.260 0.18000 0.00000000
74386.080 0.54000 0.00000000
74518.160 0.82000 0.00000000
82077.320 0.71000 0.00000000
