5040.410 0.70000 0.00000000
6088.950 0.30000 0.00000000
9530.160 0.24000 0.00000000
11898.160 0.41000 0.00000000
17850.620 0.64000 0.00000000
21808.600 0.64000 0.00000000
22403.410 0.44000 0.00000000
23928.990 0.49000 0.00000000
25744.580 0.58000 0.00000000
26988.210 0.46000 0.00000000
27217.750 0.46000 0.00000000
29854.950 0.49000 0.00000000
32067.680 0.41000 0.00000000
37501.940 0.72000 0.00000000
41488.950 0.33000 0.00000000
42874.020 0.38000 0.00000000
45182.590 0.43000 0.00000000
45493.760 0.47000 0.00000000
47414.710 0.21000 0.00000000
51061.730 0.37000 0.00000000
52574.320 0.44000 0.00000000
52726.520 0.67000 0.00000000
53785.550 0.20000 0.00000000
60892.980 0.45000 0.00000000
62147.150 0.43000 0.00000000
64709.920 0.72000 0.00000000
66540.080 0.64000 0.00000000
70484.330 0.37000 0.00000000
74394.490 0.15000 0.00000000
82081.420 0.69000 0.00000000
84199.410 0.36000 0.00000000
85563.320 0.24000 0.00000000
