9500.980 0.39000 0.00000000
11897.580 0.25000 0.00000000
22397.860 0.38000 0.00000000
22788.330 0.51000 0.00000000
23906.990 0.48000 0.00000000
27202.970 0.69000 0.00000000
29824.010 0.92000 0.00000000
32055.040 0.48000 0.00000000
37499.940 0.71000 0.00000000
37678.010 0.89000 0.00000000
38397.970 0.83000 0.00000000
45490.050 0.65000 0.00000000
51052.650 0.58000 0.00000000
52721.080 0.66000 0.00000000
53770.460 0.38000 0.00000000
60881.010 0.75000 0.00000000
64705.140 0.76000 0.00000000
64727.570 0.11000 0.00000000
66420.340 0.12000 0.00000000
74520.140 0.76000 0.00000000
82079.000 0.51000 0.00000000
83752.290 0.83000 0.00000000
