5.970 0.49000 0.00000000
932.910 0.65000 0.00000000
3709.430 0.47000 0.00000000
4739.440 0.81000 0.00000000
6064.610 0.23000 0.00000000
7288.650 0.83000 0.00000000
9502.000 0.79000 0.00000000
9765.970 0.60000 0.00000000
11908.110 0.50000 0.00000000
22409.110 0.21000 0.00000000
22782.330 0.76000 0.00000000
23909.000 0.83000 0.00000000
26609.210 0.34000 0.00000000
27203.700 0.42000 0.00000000
29832.820 0.28000 0.00000000
35284.010 0.24000 0.00000000
37511.030 0.56000 0.00000000
38400.810 0.13000 0.00000000
38860.840 0.84000 0.00000000
43313.070 0.80000 0.00000000
47385.810 0.79000 0.00000000
50081.340 0.72000 0.00000000
74399.690 0.15000 0.00000000
75774.010 0.69000 0.00000000
78506.010 0.82000 0.00000000
79679.010 0.39000 0.00000000
82306.860 0.65000 0.00000000
83753.980 0.90000 0.00000000
