9176.930 0.48000 0.00000000
10467.190 0.30000 0.00000000
11907.500 0.18000 0.00000000
17141.180 0.53000 0.00000000
22407.070 0.15000 0.00000000
26447.470 0.45000 0.00000000
27212.120 0.18000 0.00000000
27330.310 0.13000 0.00000000
29873.410 0.31000 0.00000000
31273.980 0.49000 0.00000000
37527.730 0.19000 0.00000000
45177.080 0.50000 0.00000000
46288.350 0.18000 0.00000000
48386.840 0.40000 0.00000000
51069.870 0.23000 0.00000000
57201.620 0.46000 0.00000000
58998.450 0.36000 0.00000000
60894.220 0.37000 0.00000000
64598.540 0.57000 0.00000000
66261.210 0.53000 0.00000000
76403.110 0.14000 0.00000000
81356.390 0.12000 0.00000000
83761.960 0.59000 0.00000000
