9168.420 0.47000 0.00000000
10420.380 0.22000 0.00000000
11897.520 0.78000 0.00000000
17140.020 0.86000 0.00000000
22394.080 0.32000 0.00000000
26434.030 0.73000 0.00000000
27202.770 0.70000 0.00000000
27309.060 0.56000 0.00000000
29830.000 0.62000 0.00000000
31265.830 0.63000 0.00000000
37510.130 0.25000 0.00000000
45166.680 0.68000 0.00000000
46268.220 0.28000 0.00000000
48349.020 0.14000 0.00000000
51050.740 0.80000 0.00000000
57166.000 0.83000 0.00000000
58977.700 0.40000 0.00000000
60876.670 0.47000 0.00000000
64580.770 0.75000 0.00000000
64597.810 0.24000 0.00000000
66251.570 0.18000 0.00000000
76363.040 0.38000 0.00000000
81317.980 0.22000 0.00000000
83753.020 0.79000 0.00000000
