267.890 0.18000 0.00000000
4163.390 0.74000 0.00000000
5043.620 0.39000 0.00000000
22077.900 0.51000 0.00000000
22403.770 0.12000 0.00000000
23918.820 0.23000 0.00000000
25301.840 0.47000 0.00000000
25593.830 0.40000 0.00000000
25603.370 0.27000 0.00000000
27216.770 0.35000 0.00000000
27700.610 0.70000 0.00000000
29157.010 0.21000 0.00000000
29851.310 0.25000 0.00000000
37527.240 0.37000 0.00000000
38670.980 0.24000 0.00000000
39212.490 0.52000 0.00000000
39675.210 0.20000 0.00000000
41737.170 0.11000 0.00000000
45173.090 0.67000 0.00000000
46284.820 0.58000 0.00000000
46990.790 0.31000 0.00000000
51065.270 0.20000 0.00000000
51456.160 0.63000 0.00000000
52845.010 0.58000 0.00000000
57201.620 0.44000 0.00000000
57550.840 0.57000 0.00000000
58704.370 0.84000 0.00000000
60889.660 0.48000 0.00000000
64355.000 0.72000 0.00000000
64711.100 0.62000 0.00000000
65619.310 0.47000 0.00000000
67183.410 0.84000 0.00000000
67280.860 0.27000 0.00000000
70334.890 0.18000 0.00000000
71867.170 0.62000 0.00000000
76337.660 0.34000 0.00000000
77017.920 0.10000 0.00000000
78902.300 0.38000 0.00000000
79791.780 0.83000 0.00000000
81147.100 0.76000 0.00000000
83766.610 0.44000 0.00000000
85784.610 0.34000 0.00000000
