267.550 0.46000 0.00000000
4161.610 0.19000 0.00000000
5034.760 0.66000 0.00000000
22077.480 0.79000 0.00000000
22392.810 0.78000 0.00000000
23918.370 0.55000 0.00000000
25301.460 0.11000 0.00000000
25593.550 0.15000 0.00000000
27205.530 0.36000 0.00000000
27700.060 0.59000 0.00000000
29156.710 0.28000 0.00000000
29829.070 0.66000 0.00000000
37510.540 0.49000 0.00000000
38670.600 0.62000 0.00000000
39211.880 0.48000 0.00000000
39657.010 0.50000 0.00000000
41736.440 0.72000 0.00000000
45164.680 0.80000 0.00000000
46266.140 0.66000 0.00000000
46970.530 0.20000 0.00000000
51048.800 0.69000 0.00000000
51456.010 0.82000 0.00000000
52844.000 0.18000 0.00000000
57166.030 0.44000 0.00000000
57545.000 0.25000 0.00000000
58703.420 0.90000 0.00000000
60874.410 0.72000 0.00000000
64353.320 0.76000 0.00000000
64702.540 0.70000 0.00000000
65613.850 0.32000 0.00000000
67182.970 0.85000 0.00000000
67269.390 0.69000 0.00000000
70319.990 0.32000 0.00000000
71866.820 0.66000 0.00000000
76318.040 0.27000 0.00000000
76992.020 0.72000 0.00000000
78884.970 0.28000 0.00000000
79790.530 0.83000 0.00000000
81146.560 0.16000 0.00000000
83755.960 0.39000 0.00000000
85783.570 0.16000 0.00000000
