2550.988 0.21000 0.00000000
3744.548 0.84000 0.00000000
4466.428 0.51000 0.00000000
8002.818 0.18000 0.00000000
11559.568 0.64000 0.00000000
11767.388 0.46000 0.00000000
20055.478 0.49000 0.00000000
20643.648 0.73000 0.00000000
21954.188 0.36000 0.00000000
22795.388 0.60000 0.00000000
23925.658 0.30000 0.00000000
25755.248 0.54000 0.00000000
26618.638 0.31000 0.00000000
27691.268 0.60000 0.00000000
39735.998 0.56000 0.00000000
40244.628 0.69000 0.00000000
45228.988 0.22000 0.00000000
47665.068 0.45000 0.00000000
51150.948 0.27000 0.00000000
55623.628 0.76000 0.00000000
57116.398 0.52000 0.00000000
58657.008 0.11000 0.00000000
68206.108 0.70000 0.00000000
68219.638 0.52000 0.00000000
69175.448 0.86000 0.00000000
73077.948 0.13000 0.00000000
78283.178 0.51000 0.00000000
85667.508 0.50753 0.00000000
