3634.478 0.45000 0.00000000
3729.368 0.45000 0.00000000
6068.968 0.62000 0.00000000
6618.228 0.57000 0.00000000
7874.948 0.29000 0.00000000
9767.488 0.40000 0.00000000
14862.108 0.30000 0.00000000
20064.218 0.48000 0.00000000
22789.208 0.70000 0.00000000
23902.878 0.57000 0.00000000
26604.298 0.50000 0.00000000
29862.908 0.23000 0.00000000
30707.888 0.17000 0.00000000
32758.928 0.37000 0.00000000
33884.718 0.22000 0.00000000
37701.598 0.35000 0.00000000
38710.318 0.32000 0.00000000
39717.678 0.63000 0.00000000
47431.378 0.28000 0.00000000
52742.688 0.29000 0.00000000
57170.348 0.30000 0.00000000
66519.278 0.13000 0.00000000
66544.148 0.10000 0.00000000
78411.028 0.25000 0.00000000
79252.468 0.52000 0.00000000
82306.398 0.43000 0.00000000
83871.028 0.67000 0.00000000
84688.808 0.77653 0.00000000
