2174.368 0.21000 0.00000000
5036.348 0.84000 0.00000000
5812.998 0.16000 0.00000000
6196.098 0.54000 0.00000000
8744.848 0.27000 0.00000000
9169.218 0.74000 0.00000000
11898.848 0.68000 0.00000000
12417.478 0.22000 0.00000000
13210.978 0.33000 0.00000000
15651.498 0.17000 0.00000000
18194.948 0.46000 0.00000000
22398.998 0.54000 0.00000000
26451.908 0.46000 0.00000000
27211.908 0.60000 0.00000000
27233.538 0.20000 0.00000000
29864.548 0.14000 0.00000000
30036.078 0.68000 0.00000000
31269.318 0.71000 0.00000000
34405.528 0.31000 0.00000000
35134.058 0.76000 0.00000000
36283.858 0.73000 0.00000000
37709.138 0.27000 0.00000000
38334.418 0.24000 0.00000000
43023.698 0.24000 0.00000000
45171.378 0.67000 0.00000000
45506.468 0.23000 0.00000000
46281.598 0.34000 0.00000000
51059.398 0.34000 0.00000000
52602.628 0.12000 0.00000000
53796.058 0.37000 0.00000000
55001.478 0.66000 0.00000000
55316.968 0.28000 0.00000000
57193.578 0.37000 0.00000000
58252.288 0.63000 0.00000000
59007.868 0.13000 0.00000000
60887.308 0.40000 0.00000000
62057.898 0.11000 0.00000000
64469.428 0.73000 0.00000000
64704.368 0.78000 0.00000000
74388.718 0.11000 0.00000000
74528.868 0.74000 0.00000000
75796.528 0.51000 0.00000000
81621.898 0.44000 0.00000000
82089.888 0.73000 0.00000000
83761.328 0.68000 0.00000000
85239.468 0.74000 0.00000000
85488.318 0.23000 0.00000000
