2492.248 0.52000 0.00000000
3701.008 0.39000 0.00000000
4738.138 0.55922 0.00000000
8114.028 0.52457 0.00000000
9503.178 0.59000 0.00000000
14833.078 0.78889 0.00000000
21937.158 0.11000 0.00000000
22780.568 0.48000 0.00000000
23914.428 0.22000 0.00000000
26609.308 0.44000 0.00000000
27219.998 0.53000 0.00000000
34698.968 0.55899 0.00000000
38855.988 0.89000 0.00000000
41877.028 0.14706 0.00000000
43308.248 0.13318 0.00000000
50080.308 0.69000 0.00000000
57164.218 0.21000 0.00000000
60905.018 0.47000 0.00000000
64730.008 0.86000 0.00000000
74221.998 0.22488 0.00000000
78501.938 0.73000 0.00000000
82313.198 0.13124 0.00000000
83754.968 0.97608 0.00000000
86108.638 0.41647 0.00000000
