2496.938 0.37000 0.00000000
3723.468 0.33000 0.00000000
9532.318 0.39000 0.00000000
21959.328 0.42000 0.00000000
22794.088 0.64000 0.00000000
23939.268 0.43000 0.00000000
26626.008 0.30000 0.00000000
27241.088 0.56000 0.00000000
38860.528 0.67000 0.00000000
47327.998 0.11338 0.00000000
50087.808 0.36000 0.00000000
56145.198 0.21035 0.00000000
57202.318 0.50000 0.00000000
60949.918 0.52000 0.00000000
64759.768 0.45000 0.00000000
74238.718 0.28936 0.00000000
78506.548 0.68000 0.00000000
84685.888 0.36629 0.00000000
86121.358 0.78107 0.00000000
