44.910 0.46000 0.00000000
216.100 0.74336 0.00000000
1433.940 0.58809 0.00000000
8197.430 0.23000 0.00000000
8656.000 0.82000 0.00000000
9162.960 0.73371 0.00000000
13699.990 0.25896 0.00000000
15589.170 0.99431 0.00000000
17139.970 0.32192 0.00000000
27093.970 0.99784 0.00000000
27197.900 0.65000 0.00000000
35119.950 0.73994 0.00000000
45177.790 0.11000 0.00000000
45494.000 0.91753 0.00000000
46080.540 0.38000 0.00000000
48266.580 0.95430 0.00000000
52234.340 0.14989 0.00000000
57168.820 0.47745 0.00000000
62923.910 0.17542 0.00000000
64711.130 0.69000 0.00000000
65889.560 0.79000 0.00000000
66911.980 0.22000 0.00000000
71793.540 0.10771 0.00000000
74395.150 0.15000 0.00000000
78253.990 0.36621 0.00000000
78378.040 0.70000 0.00000000
81525.980 0.10148 0.00000000
82075.990 0.71781 0.00000000
83751.980 0.23043 0.00000000
