26.120 0.39000 0.00000000
59.560 0.38000 0.00000000
223.830 0.11000 0.00000000
875.130 0.12000 0.00000000
1448.490 0.17000 0.00000000
2722.670 0.11000 0.00000000
2833.550 0.11000 0.00000000
3174.880 0.13000 0.00000000
3301.400 0.16000 0.00000000
3507.120 0.20000 0.00000000
3992.070 0.47000 0.00000000
4110.860 0.11000 0.00000000
4925.600 0.35000 0.00000000
4984.010 0.55000 0.00000000
5519.620 0.17000 0.00000000
5893.610 0.13000 0.00000000
5957.010 0.24000 0.00000000
5978.590 0.15000 0.00000000
6005.480 0.39000 0.00000000
6442.100 0.40000 0.00000000
7454.210 0.14000 0.00000000
8254.860 0.12000 0.00000000
8838.070 0.18000 0.00000000
9070.030 0.12000 0.00000000
9299.290 0.30000 0.00000000
10572.230 0.24000 0.00000000
11170.890 0.45000 0.00000000
11196.470 0.16000 0.00000000
11661.450 0.18000 0.00000000
12006.230 0.17000 0.00000000
12263.670 0.10000 0.00000000
12549.850 0.26000 0.00000000
14687.210 0.25000 0.00000000
15066.460 0.54000 0.00000000
15083.560 0.16000 0.00000000
15919.820 0.12000 0.00000000
17064.490 0.26000 0.00000000
17293.660 0.11000 0.00000000
17441.590 0.10000 0.00000000
17496.440 0.60000 0.00000000
17989.450 0.18000 0.00000000
18094.330 0.64000 0.00000000
18117.560 0.27000 0.00000000
18490.050 0.34000 0.00000000
18527.180 0.22000 0.00000000
18633.850 0.13000 0.00000000
18780.270 0.12000 0.00000000
19600.300 0.15000 0.00000000
19903.310 0.14000 0.00000000
19999.090 0.28000 0.00000000
20358.330 0.19000 0.00000000
20413.290 0.16000 0.00000000
20439.530 0.56000 0.00000000
20467.400 0.26000 0.00000000
20806.010 0.26000 0.00000000
20813.680 0.18000 0.00000000
21002.920 0.12000 0.00000000
21960.450 0.16000 0.00000000
22315.090 0.12000 0.00000000
22364.950 0.18000 0.00000000
22403.600 0.10000 0.00000000
22493.250 0.20000 0.00000000
22586.570 0.16000 0.00000000
22994.550 0.69611 0.00000000
23069.790 0.15000 0.00000000
23303.080 0.57000 0.00000000
23468.370 0.11000 0.00000000
23914.280 0.24000 0.00000000
24656.130 0.21000 0.00000000
24976.210 0.11000 0.00000000
25342.060 0.16000 0.00000000
25462.790 0.19000 0.00000000
25519.140 0.51000 0.00000000
26016.150 0.17000 0.00000000
26150.620 0.31000 0.00000000
26426.590 0.14000 0.00000000
26435.590 0.14000 0.00000000
26466.410 0.15000 0.00000000
26720.530 0.55000 0.00000000
27206.100 0.26000 0.00000000
27233.580 0.20000 0.00000000
27318.830 0.16000 0.00000000
27447.310 0.14000 0.00000000
27901.910 0.15000 0.00000000
28201.530 0.11000 0.00000000
28914.650 0.26000 0.00000000
28952.850 0.30000 0.00000000
29300.990 0.20000 0.00000000
29321.930 0.10000 0.00000000
29456.690 0.16000 0.00000000
30516.900 0.17000 0.00000000
30887.530 0.12000 0.00000000
31192.390 0.20000 0.00000000
32708.890 0.15000 0.00000000
33716.300 0.29000 0.00000000
34016.540 0.14000 0.00000000
34075.110 0.44000 0.00000000
34106.850 0.24000 0.00000000
34396.460 0.23000 0.00000000
34505.340 0.36000 0.00000000
34541.680 0.15000 0.00000000
35709.300 0.11000 0.00000000
36777.430 0.12000 0.00000000
38001.430 0.26000 0.00000000
38027.600 0.11000 0.00000000
38142.770 0.66000 0.00000000
38310.500 0.59000 0.00000000
39108.050 0.12000 0.00000000
39168.380 0.17000 0.00000000
39274.130 0.14000 0.00000000
39727.140 0.12000 0.00000000
39872.120 0.11000 0.00000000
41049.750 0.19000 0.00000000
41090.640 0.17000 0.00000000
41395.940 0.35000 0.00000000
41540.930 0.26000 0.00000000
41737.760 0.11000 0.00000000
42051.930 0.16000 0.00000000
42360.490 0.27000 0.00000000
42660.770 0.38000 0.00000000
43245.480 0.30000 0.00000000
43860.550 0.13000 0.00000000
44716.830 0.12000 0.00000000
45114.680 0.19000 0.00000000
45189.070 0.13000 0.00000000
46022.930 0.40000 0.00000000
47152.280 0.27000 0.00000000
47421.610 0.11000 0.00000000
48274.030 0.45000 0.00000000
49043.980 0.35000 0.00000000
49061.520 0.21000 0.00000000
49651.490 0.16000 0.00000000
50214.310 0.24000 0.00000000
50248.340 0.11000 0.00000000
50365.630 0.16000 0.00000000
50797.910 0.18000 0.00000000
52234.320 0.55000 0.00000000
52341.120 0.10000 0.00000000
52562.890 0.18000 0.00000000
52586.140 0.13000 0.00000000
53140.570 0.17000 0.00000000
53519.860 0.20000 0.00000000
53614.080 0.12000 0.00000000
53772.820 0.43000 0.00000000
53829.910 0.15000 0.00000000
53956.730 0.44000 0.00000000
54334.860 0.15000 0.00000000
54989.570 0.13000 0.00000000
56353.750 0.29003 0.00000000
56935.000 0.30000 0.00000000
57521.970 0.21000 0.00000000
57837.500 0.17000 0.00000000
58905.860 0.54000 0.00000000
58932.630 0.11000 0.00000000
58985.820 0.58000 0.00000000
59017.020 0.23000 0.00000000
59211.690 0.10000 0.00000000
59833.370 0.13000 0.00000000
60111.280 0.18000 0.00000000
60542.090 0.12000 0.00000000
60966.270 0.13000 0.00000000
61161.240 0.10000 0.00000000
61402.720 0.17000 0.00000000
61502.550 0.17000 0.00000000
61775.310 0.41000 0.00000000
61791.030 0.38000 0.00000000
62237.630 0.11000 0.00000000
62718.450 0.12000 0.00000000
62799.490 0.10000 0.00000000
62833.290 0.12000 0.00000000
63191.850 0.14000 0.00000000
63334.320 0.22000 0.00000000
63677.990 0.14000 0.00000000
64079.910 0.15000 0.00000000
64313.740 0.11000 0.00000000
64728.340 0.22000 0.00000000
65122.690 0.13000 0.00000000
65190.230 0.13000 0.00000000
65210.610 0.25000 0.00000000
65655.700 0.15000 0.00000000
65871.110 0.54000 0.00000000
65907.090 0.51000 0.00000000
66418.950 0.16000 0.00000000
66590.610 0.30000 0.00000000
66929.430 0.14000 0.00000000
67153.350 0.21000 0.00000000
67824.520 0.19000 0.00000000
68172.980 0.21000 0.00000000
68194.390 0.30000 0.00000000
68567.850 0.26000 0.00000000
68696.570 0.27000 0.00000000
68822.970 0.18000 0.00000000
69207.640 0.42000 0.00000000
69228.170 0.14000 0.00000000
69623.320 0.12000 0.00000000
69776.300 0.28000 0.00000000
69821.070 0.16000 0.00000000
70293.370 0.25000 0.00000000
70490.720 0.40000 0.00000000
71430.930 0.32000 0.00000000
71458.620 0.17000 0.00000000
71638.930 0.11000 0.00000000
72058.630 0.16000 0.00000000
72191.710 0.11000 0.00000000
72643.740 0.13000 0.00000000
73304.620 0.18000 0.00000000
73951.700 0.19000 0.00000000
74304.030 0.20000 0.00000000
75126.410 0.10000 0.00000000
75367.860 0.12000 0.00000000
75401.150 0.17000 0.00000000
75562.850 0.12000 0.00000000
75932.610 0.11000 0.00000000
76542.640 0.23000 0.00000000
76708.000 0.46000 0.00000000
76882.770 0.11000 0.00000000
77632.440 0.11000 0.00000000
77658.990 0.12000 0.00000000
77706.960 0.30000 0.00000000
77718.150 0.11000 0.00000000
77932.040 0.11000 0.00000000
78113.870 0.18000 0.00000000
78260.250 0.20000 0.00000000
78378.170 0.14000 0.00000000
78579.120 0.13000 0.00000000
78777.780 0.32000 0.00000000
79650.670 0.11000 0.00000000
79761.200 0.14000 0.00000000
80186.230 0.16000 0.00000000
80610.430 0.20000 0.00000000
80862.970 0.10000 0.00000000
81111.960 0.23000 0.00000000
81468.760 0.16000 0.00000000
82167.970 0.11000 0.00000000
82416.230 0.25000 0.00000000
82941.770 0.44000 0.00000000
83013.020 0.40000 0.00000000
83039.880 0.14000 0.00000000
83131.200 0.12000 0.00000000
83757.320 0.16000 0.00000000
83793.910 0.14000 0.00000000
84191.270 0.44000 0.00000000
84206.650 0.18000 0.00000000
84669.440 0.13267 0.00000000
84761.290 0.13000 0.00000000
85346.300 0.29000 0.00000000
85617.960 0.15000 0.00000000
85952.710 0.22000 0.00000000
86116.170 0.16000 0.00000000
