2547.480 0.71000 0.00000000
3540.110 0.12000 0.00000000
3676.540 0.31434 0.00000000
4461.810 0.79000 0.00000000
8119.860 0.18000 0.00000000
9496.820 0.99357 0.00000000
11766.020 0.82000 0.00000000
13870.560 0.59702 0.00000000
14822.060 0.13057 0.00000000
15060.920 0.63000 0.00000000
20638.050 0.54000 0.00000000
21070.960 0.74000 0.00000000
21939.850 0.13000 0.00000000
22782.020 0.44000 0.00000000
25752.000 0.80000 0.00000000
26608.840 0.78000 0.00000000
28361.440 0.46000 0.00000000
39724.830 0.16000 0.00000000
40846.760 0.14000 0.00000000
43789.660 0.52000 0.00000000
49821.140 0.19465 0.00000000
50188.090 0.73000 0.00000000
51144.170 0.18000 0.00000000
52134.010 0.68000 0.00000000
54535.000 0.64000 0.00000000
56812.220 0.37000 0.00000000
57113.220 0.70000 0.00000000
57132.000 0.10000 0.00000000
58379.560 0.78000 0.00000000
58660.270 0.47000 0.00000000
61739.600 0.64000 0.00000000
61754.770 0.11000 0.00000000
66166.830 0.31000 0.00000000
69872.530 0.75000 0.00000000
73071.200 0.80000 0.00000000
76534.300 0.40094 0.00000000
78270.220 0.41000 0.00000000
