2546.890 0.62000 0.00000000
3533.930 0.16000 0.00000000
3676.090 0.53000 0.00000000
4461.280 0.70000 0.00000000
8119.900 0.18000 0.00000000
8686.640 0.11000 0.00000000
9496.990 0.74000 0.00000000
11765.360 0.71000 0.00000000
13864.980 0.19777 0.00000000
14821.490 0.54000 0.00000000
14839.030 0.18000 0.00000000
15061.640 0.85000 0.00000000
17090.110 0.66000 0.00000000
20637.600 0.76000 0.00000000
20674.950 0.16000 0.00000000
21071.620 0.48000 0.00000000
21942.240 0.10000 0.00000000
22781.990 0.46000 0.00000000
25751.000 0.88000 0.00000000
26608.300 0.39000 0.00000000
28361.230 0.70000 0.00000000
39724.690 0.35000 0.00000000
43790.340 0.13000 0.00000000
47400.410 0.66000 0.00000000
49813.660 0.19567 0.00000000
50187.480 0.58000 0.00000000
51143.340 0.54000 0.00000000
52131.100 0.45650 0.00000000
54535.700 0.57000 0.00000000
56811.770 0.22000 0.00000000
57112.640 0.81000 0.00000000
58378.910 0.52681 0.00000000
58659.460 0.36000 0.00000000
61739.110 0.81000 0.00000000
73070.750 0.65000 0.00000000
76530.940 0.94027 0.00000000
78269.760 0.17000 0.00000000
