2559.040 0.16000 0.00000000
3540.170 0.29000 0.00000000
3679.640 0.15000 0.00000000
4464.080 0.37000 0.00000000
8135.740 0.17000 0.00000000
11768.990 0.50000 0.00000000
15068.350 0.32000 0.00000000
15092.480 0.16000 0.00000000
17104.630 0.17000 0.00000000
20640.120 0.63000 0.00000000
20652.080 0.15000 0.00000000
22796.710 0.33000 0.00000000
25763.770 0.14000 0.00000000
26624.170 0.33000 0.00000000
26645.610 0.13000 0.00000000
28363.390 0.73000 0.00000000
45243.390 0.23000 0.00000000
47331.350 0.10941 0.00000000
50190.550 0.58000 0.00000000
54553.320 0.25000 0.00000000
57118.210 0.51000 0.00000000
57178.250 0.10000 0.00000000
58382.130 0.51000 0.00000000
58668.780 0.22000 0.00000000
66553.940 0.22000 0.00000000
69874.980 0.36000 0.00000000
73074.250 0.64000 0.00000000
78282.110 0.35000 0.00000000
