2560.190 0.30000 0.00000000
3540.990 0.15000 0.00000000
3680.290 0.17000 0.00000000
4465.500 0.52000 0.00000000
8136.710 0.16000 0.00000000
8688.180 0.56000 0.00000000
9523.510 0.11000 0.00000000
11770.150 0.55000 0.00000000
15067.810 0.37000 0.00000000
16227.840 0.13000 0.00000000
20641.190 0.58000 0.00000000
21087.290 0.12000 0.00000000
21943.060 0.39000 0.00000000
22796.380 0.20000 0.00000000
25765.250 0.21000 0.00000000
26624.090 0.19000 0.00000000
28363.790 0.22000 0.00000000
39740.110 0.15000 0.00000000
40864.130 0.33000 0.00000000
43807.340 0.14000 0.00000000
47403.460 0.30000 0.00000000
47430.210 0.20000 0.00000000
50191.830 0.62000 0.00000000
52135.820 0.72000 0.00000000
54552.510 0.33000 0.00000000
57118.320 0.54000 0.00000000
58383.350 0.56000 0.00000000
58670.310 0.22000 0.00000000
61742.200 0.55000 0.00000000
66180.390 0.16000 0.00000000
69875.310 0.46000 0.00000000
71497.770 0.49000 0.00000000
73074.440 0.71000 0.00000000
78283.160 0.16000 0.00000000
