2560.370 0.16000 0.00000000
3541.170 0.10000 0.00000000
4465.200 0.47000 0.00000000
8136.500 0.24000 0.00000000
11770.150 0.57000 0.00000000
15067.660 0.41000 0.00000000
20641.150 0.38000 0.00000000
21086.780 0.22000 0.00000000
21942.870 0.19000 0.00000000
22796.650 0.48000 0.00000000
25764.680 0.42000 0.00000000
26624.470 0.28000 0.00000000
28363.470 0.72000 0.00000000
39740.880 0.18000 0.00000000
40863.690 0.21000 0.00000000
43805.260 0.16000 0.00000000
50191.690 0.50000 0.00000000
51164.130 0.11000 0.00000000
52136.090 0.47000 0.00000000
54552.490 0.23000 0.00000000
56824.670 0.30000 0.00000000
57118.540 0.36000 0.00000000
57137.610 0.18000 0.00000000
58383.350 0.61000 0.00000000
58670.120 0.41000 0.00000000
61742.380 0.59000 0.00000000
61757.580 0.22000 0.00000000
66180.860 0.18000 0.00000000
69875.440 0.70000 0.00000000
73074.580 0.57000 0.00000000
78282.670 0.28000 0.00000000
