2547.440 0.24000 0.00000000
3676.660 0.42460 0.00000000
4461.900 0.81000 0.00000000
8119.950 0.39000 0.00000000
8364.610 0.14000 0.00000000
8686.030 0.23000 0.00000000
9497.000 0.90000 0.00000000
11766.030 0.82000 0.00000000
13870.620 0.28359 0.00000000
14822.120 0.68921 0.00000000
15061.290 0.77000 0.00000000
20637.810 0.60000 0.00000000
21927.980 0.36000 0.00000000
22781.920 0.70000 0.00000000
23911.950 0.17000 0.00000000
25752.000 0.68000 0.00000000
26608.410 0.66000 0.00000000
28361.060 0.80000 0.00000000
39724.790 0.69000 0.00000000
40847.870 0.11000 0.00000000
43790.670 0.10000 0.00000000
47400.660 0.67000 0.00000000
49816.020 0.24800 0.00000000
50188.120 0.74000 0.00000000
51159.990 0.38984 0.00000000
52133.540 0.77000 0.00000000
54535.640 0.20000 0.00000000
55365.950 0.13000 0.00000000
57112.830 0.69000 0.00000000
58379.490 0.54000 0.00000000
58660.320 0.31000 0.00000000
60917.840 0.10000 0.00000000
64742.880 0.42000 0.00000000
69181.110 0.43685 0.00000000
73070.940 0.78000 0.00000000
73083.600 0.16000 0.00000000
76530.980 0.47732 0.00000000
78270.200 0.32000 0.00000000
