2546.740 0.59000 0.00000000
3516.390 0.27000 0.00000000
3675.810 0.81000 0.00000000
4461.040 0.85000 0.00000000
7995.440 0.34000 0.00000000
8119.680 0.22000 0.00000000
9497.000 0.93346 0.00000000
11765.370 0.78000 0.00000000
13869.940 0.33352 0.00000000
14821.710 0.24000 0.00000000
15061.360 0.87000 0.00000000
20637.680 0.83000 0.00000000
20672.930 0.32000 0.00000000
21071.250 0.38000 0.00000000
23913.070 0.19000 0.00000000
25751.000 0.91000 0.00000000
26608.880 0.61000 0.00000000
28361.740 0.23000 0.00000000
28385.090 0.18000 0.00000000
39725.210 0.27000 0.00000000
45223.280 0.24000 0.00000000
50187.460 0.74000 0.00000000
51143.250 0.52000 0.00000000
52134.060 0.49000 0.00000000
54535.240 0.25000 0.00000000
57113.150 0.57000 0.00000000
58379.150 0.70000 0.00000000
58659.040 0.18000 0.00000000
61739.240 0.82000 0.00000000
64743.260 0.44000 0.00000000
69180.040 0.10142 0.00000000
73071.140 0.67000 0.00000000
76531.060 0.60000 0.00000000
78269.210 0.48000 0.00000000
