2546.340 0.64000 0.00000000
3515.510 0.20000 0.00000000
3538.090 0.10000 0.00000000
3675.440 0.73000 0.00000000
4460.960 0.58000 0.00000000
7995.470 0.37000 0.00000000
8119.880 0.20000 0.00000000
9497.480 0.92441 0.00000000
11765.340 0.48000 0.00000000
13869.350 0.76186 0.00000000
14839.950 0.50000 0.00000000
15061.320 0.73000 0.00000000
16216.630 0.24000 0.00000000
20637.290 0.56000 0.00000000
21071.060 0.46000 0.00000000
25750.990 0.79000 0.00000000
26609.140 0.74000 0.00000000
28361.930 0.71000 0.00000000
29451.010 0.18000 0.00000000
40848.410 0.16000 0.00000000
47401.020 0.61000 0.00000000
50187.200 0.74000 0.00000000
51142.990 0.15000 0.00000000
52135.320 0.39148 0.00000000
57113.420 0.72000 0.00000000
58658.930 0.61000 0.00000000
61739.250 0.74348 0.00000000
69181.380 0.42380 0.00000000
73071.500 0.83000 0.00000000
76530.990 0.83000 0.00000000
78268.780 0.27000 0.00000000
