2546.150 0.62000 0.00000000
3515.570 0.14000 0.00000000
3675.350 0.75000 0.00000000
4460.460 0.78000 0.00000000
8120.180 0.32000 0.00000000
9496.620 0.15421 0.00000000
11764.670 0.86000 0.00000000
13869.610 0.74000 0.00000000
14821.100 0.71000 0.00000000
14839.890 0.21000 0.00000000
15061.970 0.75000 0.00000000
16547.120 0.73000 0.00000000
19541.020 0.69000 0.00000000
20637.040 0.63000 0.00000000
20673.810 0.13000 0.00000000
21927.020 0.33000 0.00000000
23912.860 0.12000 0.00000000
25749.980 0.53000 0.00000000
26608.490 0.65000 0.00000000
28361.650 0.83000 0.00000000
29451.640 0.44000 0.00000000
39725.150 0.22000 0.00000000
40848.100 0.60000 0.00000000
49813.870 0.63000 0.00000000
50186.790 0.48000 0.00000000
51139.360 0.71000 0.00000000
51160.000 0.71563 0.00000000
52134.110 0.46000 0.00000000
54536.180 0.59000 0.00000000
56810.240 0.60000 0.00000000
57112.510 0.54000 0.00000000
57159.040 0.67000 0.00000000
58657.960 0.44000 0.00000000
58677.910 0.11000 0.00000000
61738.390 0.63000 0.00000000
64743.110 0.22000 0.00000000
69180.610 0.91949 0.00000000
71493.260 0.64000 0.00000000
73070.900 0.80000 0.00000000
76530.440 0.45902 0.00000000
78269.150 0.28000 0.00000000
79043.620 0.51000 0.00000000
