2546.810 0.33000 0.00000000
3675.740 0.72000 0.00000000
4461.300 0.66000 0.00000000
7995.680 0.25000 0.00000000
8119.340 0.23000 0.00000000
9497.210 0.84055 0.00000000
11765.570 0.74000 0.00000000
13869.930 0.74000 0.00000000
14821.970 0.85000 0.00000000
14836.110 0.16000 0.00000000
15061.040 0.75000 0.00000000
20637.900 0.84000 0.00000000
20648.990 0.11000 0.00000000
21071.010 0.73000 0.00000000
22782.340 0.49000 0.00000000
23912.900 0.18000 0.00000000
25751.000 0.93000 0.00000000
26609.150 0.65000 0.00000000
28361.970 0.89000 0.00000000
28385.150 0.49000 0.00000000
39725.580 0.68000 0.00000000
40846.810 0.26000 0.00000000
43789.780 0.50000 0.00000000
45223.250 0.24000 0.00000000
50187.510 0.81000 0.00000000
51139.930 0.50000 0.00000000
51159.990 0.31240 0.00000000
52134.560 0.77000 0.00000000
54535.370 0.36000 0.00000000
56812.080 0.23000 0.00000000
57113.460 0.46000 0.00000000
57130.680 0.16000 0.00000000
58379.320 0.62000 0.00000000
58659.580 0.54000 0.00000000
61739.440 0.74000 0.00000000
69180.960 0.59842 0.00000000
73071.350 0.70000 0.00000000
76531.300 0.17884 0.00000000
78269.150 0.48000 0.00000000
