3676.260 0.65306 0.00000000
4461.130 0.60000 0.00000000
8120.460 0.56000 0.00000000
9496.080 0.32000 0.00000000
11765.310 0.83000 0.00000000
13869.820 0.45109 0.00000000
14821.390 0.63000 0.00000000
15061.910 0.69000 0.00000000
15083.230 0.19000 0.00000000
20637.250 0.50000 0.00000000
21072.010 0.56000 0.00000000
21927.010 0.45000 0.00000000
22781.790 0.70000 0.00000000
25751.000 0.92000 0.00000000
26608.090 0.54000 0.00000000
28360.960 0.67000 0.00000000
29839.120 0.12000 0.00000000
39724.500 0.68000 0.00000000
43807.430 0.28000 0.00000000
45223.670 0.16000 0.00000000
46333.880 0.40000 0.00000000
50187.520 0.80000 0.00000000
51143.390 0.35000 0.00000000
52133.630 0.63000 0.00000000
54536.250 0.74000 0.00000000
54586.830 0.62000 0.00000000
57112.370 0.67000 0.00000000
58378.860 0.79000 0.00000000
58659.610 0.47000 0.00000000
61738.910 0.70000 0.00000000
69180.980 0.24448 0.00000000
73070.600 0.73000 0.00000000
76530.830 0.46651 0.00000000
78270.080 0.44000 0.00000000
