3674.789 0.24115 0.00000000
4456.819 0.16997 0.00000000
9499.059 0.94332 0.00000000
11763.999 0.12605 0.00000000
13867.809 0.90442 0.00000000
14816.340 0.38335 0.00000000
20585.699 0.34000 0.00000000
20640.210 0.75000 0.00000000
21932.989 0.78000 0.00000000
22776.969 0.20845 0.00000000
25743.339 0.79000 0.00000000
26608.969 0.28000 0.00000000
49820.020 0.20908 0.00000000
51135.499 0.20000 0.00000000
52129.399 0.20563 0.00000000
61744.010 0.10147 0.00000000
69178.080 0.54822 0.00000000
76529.989 0.65142 0.00000000
