8126.650 0.68000 0.00000000
9529.510 0.51000 0.00000000
14864.740 0.22000 0.00000000
15066.590 0.71000 0.00000000
15088.890 0.11000 0.00000000
20658.930 0.61000 0.00000000
21076.640 0.16000 0.00000000
22798.590 0.70000 0.00000000
25146.190 0.46000 0.00000000
25783.670 0.24000 0.00000000
26629.460 0.23000 0.00000000
29848.000 0.39000 0.00000000
40853.900 0.63000 0.00000000
43797.290 0.68000 0.00000000
47405.760 0.44000 0.00000000
54542.700 0.60000 0.00000000
56975.820 0.64000 0.00000000
57200.900 0.56000 0.00000000
