7298.540 0.59000 0.00000000
9522.750 0.44000 0.00000000
21959.670 0.24000 0.00000000
22787.830 0.60000 0.00000000
23927.670 0.10000 0.00000000
25793.370 0.42000 0.00000000
26613.990 0.13000 0.00000000
27245.190 0.32000 0.00000000
29848.090 0.16000 0.00000000
34706.680 0.35058 0.00000000
39725.460 0.23000 0.00000000
47397.490 0.20000 0.00000000
56138.760 0.50792 0.00000000
57135.430 0.34000 0.00000000
57819.580 0.38000 0.00000000
60948.090 0.44000 0.00000000
63945.900 0.12000 0.00000000
64760.420 0.24000 0.00000000
66167.170 0.21000 0.00000000
73097.260 0.40000 0.00000000
75809.580 0.53000 0.00000000
78513.930 0.48000 0.00000000
82323.250 0.51000 0.00000000
84681.190 0.15930 0.00000000
