1439.720 0.94096 0.00000000
2779.000 0.69000 0.00000000
8743.820 0.46000 0.00000000
22981.040 0.15254 0.00000000
43310.000 0.16949 0.00000000
56347.890 0.10000 0.00000000
56494.070 0.71000 0.00000000
56531.510 0.19000 0.00000000
57171.930 0.28000 0.00000000
58346.440 0.26000 0.00000000
58395.330 0.11000 0.00000000
63572.990 0.80000 0.00000000
63579.590 0.22000 0.00000000
64055.010 0.48000 0.00000000
64727.910 0.19000 0.00000000
74222.030 0.12027 0.00000000
78510.040 0.56000 0.00000000
83756.000 0.83563 0.00000000
