208.640 0.32313 0.00000000
8660.570 0.47040 0.00000000
9162.530 0.99770 0.00000000
9504.510 0.16000 0.00000000
11892.210 0.85867 0.00000000
17143.000 0.61311 0.00000000
23911.310 0.58000 0.00000000
29366.980 0.13000 0.00000000
29824.990 0.57000 0.00000000
37501.640 0.59000 0.00000000
37680.010 0.74000 0.00000000
38396.050 0.30929 0.00000000
38856.010 0.98130 0.00000000
43014.970 0.12000 0.00000000
43308.050 0.84788 0.00000000
45491.260 0.28000 0.00000000
51052.030 0.30000 0.00000000
52722.950 0.68000 0.00000000
53771.030 0.14000 0.00000000
60880.050 0.61000 0.00000000
62924.840 0.19947 0.00000000
64703.570 0.78000 0.00000000
65441.000 0.32000 0.00000000
73340.610 0.77054 0.00000000
74515.010 0.87624 0.00000000
78252.510 0.94147 0.00000000
78504.500 0.17690 0.00000000
81614.990 0.14000 0.00000000
82079.150 0.78000 0.00000000
