217.970 0.99285 0.00000000
8659.000 0.26667 0.00000000
11901.570 0.57000 0.00000000
15586.670 0.72000 0.00000000
17142.010 0.33868 0.00000000
24954.660 0.35865 0.00000000
26438.510 0.29000 0.00000000
27095.940 0.91564 0.00000000
27199.970 0.80000 0.00000000
45172.180 0.62000 0.00000000
45491.060 0.26457 0.00000000
47381.000 0.78000 0.00000000
48267.110 0.46732 0.00000000
51055.960 0.49000 0.00000000
51455.990 0.17595 0.00000000
57168.010 0.87000 0.00000000
58977.050 0.62000 0.00000000
60882.030 0.56000 0.00000000
62921.100 0.27541 0.00000000
64472.370 0.14000 0.00000000
64707.250 0.74000 0.00000000
74390.560 0.45000 0.00000000
75775.040 0.17106 0.00000000
78253.990 0.29718 0.00000000
81525.940 0.16089 0.00000000
82076.020 0.15822 0.00000000
83750.430 0.21000 0.00000000
85225.040 0.83395 0.00000000
