3314.200 0.40000 0.00000000
3631.340 0.60000 0.00000000
3727.290 0.39000 0.00000000
6066.650 0.66000 0.00000000
6617.320 0.66000 0.00000000
7872.700 0.61000 0.00000000
8022.580 0.42000 0.00000000
9765.770 0.51000 0.00000000
11750.920 0.68000 0.00000000
13005.030 0.57000 0.00000000
13356.090 0.53000 0.00000000
14011.370 0.22000 0.00000000
14857.940 0.53000 0.00000000
20061.810 0.28000 0.00000000
22004.560 0.62000 0.00000000
22788.000 0.53000 0.00000000
22879.270 0.28000 0.00000000
23899.710 0.56000 0.00000000
26600.850 0.62000 0.00000000
29861.670 0.15000 0.00000000
31883.350 0.54000 0.00000000
32756.400 0.38000 0.00000000
33879.880 0.55000 0.00000000
35923.550 0.71000 0.00000000
37525.880 0.58000 0.00000000
37700.010 0.11000 0.00000000
38201.330 0.87000 0.00000000
38218.920 0.79000 0.00000000
38707.360 0.55000 0.00000000
39714.750 0.63000 0.00000000
43494.590 0.57000 0.00000000
43513.870 0.14000 0.00000000
45519.270 0.24000 0.00000000
46119.480 0.22000 0.00000000
47431.650 0.14000 0.00000000
48427.550 0.59000 0.00000000
50303.260 0.63000 0.00000000
52011.460 0.60000 0.00000000
52744.180 0.30000 0.00000000
56078.210 0.54000 0.00000000
57168.260 0.36000 0.00000000
57328.790 0.68000 0.00000000
58030.330 0.18000 0.00000000
58455.890 0.56000 0.00000000
58884.740 0.54000 0.00000000
59842.970 0.14000 0.00000000
62245.770 0.35000 0.00000000
62810.500 0.49000 0.00000000
63979.480 0.69000 0.00000000
66164.900 0.54000 0.00000000
66516.880 0.46000 0.00000000
68880.650 0.27000 0.00000000
72090.810 0.51000 0.00000000
74726.330 0.22000 0.00000000
75557.140 0.17000 0.00000000
78408.490 0.54000 0.00000000
78801.580 0.54000 0.00000000
79017.790 0.58000 0.00000000
79253.500 0.25000 0.00000000
79833.700 0.78000 0.00000000
81657.020 0.48000 0.00000000
81764.370 0.54000 0.00000000
82306.760 0.64000 0.00000000
83644.180 0.82000 0.00000000
83671.230 0.21000 0.00000000
83867.770 0.74000 0.00000000
84664.100 0.42251 0.00000000
85652.460 0.71000 0.00000000
86121.210 0.79697 0.00000000
