1036.470 0.23000 0.00000000
3718.240 0.31000 0.00000000
4744.110 0.61000 0.00000000
6084.080 0.48000 0.00000000
6632.810 0.29000 0.00000000
6790.940 0.40000 0.00000000
7294.250 0.22000 0.00000000
7890.450 0.54000 0.00000000
9523.860 0.36000 0.00000000
9775.390 0.24000 0.00000000
19213.460 0.47000 0.00000000
20075.200 0.17000 0.00000000
22791.990 0.57000 0.00000000
22893.370 0.14000 0.00000000
23922.510 0.40000 0.00000000
26617.310 0.41000 0.00000000
27008.560 0.30000 0.00000000
27221.490 0.57000 0.00000000
30945.150 0.24000 0.00000000
31893.660 0.24000 0.00000000
37530.710 0.63000 0.00000000
37714.200 0.50000 0.00000000
47387.900 0.19000 0.00000000
50082.170 0.60000 0.00000000
52751.630 0.26000 0.00000000
56140.740 0.64788 0.00000000
58346.050 0.22000 0.00000000
58902.600 0.63000 0.00000000
60071.300 0.58000 0.00000000
62044.290 0.60000 0.00000000
68305.430 0.70000 0.00000000
69874.760 0.69000 0.00000000
75214.190 0.29000 0.00000000
75795.920 0.34000 0.00000000
78089.230 0.45000 0.00000000
78095.690 0.26000 0.00000000
78512.640 0.43000 0.00000000
81545.120 0.27017 0.00000000
82313.950 0.56000 0.00000000
83771.380 0.59000 0.00000000
