5.970 0.40000 0.00000000
1053.830 0.11000 0.00000000
9164.020 0.44941 0.00000000
9503.550 0.25000 0.00000000
11894.930 0.85000 0.00000000
12406.720 0.12000 0.00000000
17143.060 0.21395 0.00000000
22394.990 0.79000 0.00000000
23909.880 0.29000 0.00000000
27202.140 0.63000 0.00000000
29367.000 0.15000 0.00000000
29824.010 0.87000 0.00000000
31255.480 0.89403 0.00000000
35707.010 0.16000 0.00000000
37498.820 0.75000 0.00000000
37678.040 0.58000 0.00000000
38324.750 0.22000 0.00000000
38857.040 0.62477 0.00000000
43309.970 0.86876 0.00000000
45170.660 0.10955 0.00000000
47385.050 0.88437 0.00000000
51049.930 0.65000 0.00000000
52593.010 0.36000 0.00000000
52720.060 0.63000 0.00000000
53769.090 0.17000 0.00000000
57170.020 0.10390 0.00000000
59776.140 0.37000 0.00000000
60878.330 0.70000 0.00000000
64702.340 0.64000 0.00000000
66416.260 0.18000 0.00000000
68803.700 0.36727 0.00000000
73339.950 0.48515 0.00000000
74386.080 0.54000 0.00000000
74518.160 0.82000 0.00000000
78505.350 0.92211 0.00000000
82077.320 0.71000 0.00000000
82310.710 0.11085 0.00000000
83751.980 0.13739 0.00000000
85236.780 0.31509 0.00000000
