5032.680 0.78000 0.00000000
6062.880 0.42000 0.00000000
9162.530 0.56059 0.00000000
9502.020 0.77000 0.00000000
11893.910 0.26000 0.00000000
17841.110 0.64000 0.00000000
21805.810 0.12000 0.00000000
22392.980 0.34000 0.00000000
23908.000 0.78000 0.00000000
25730.090 0.60000 0.00000000
26972.100 0.24000 0.00000000
27205.770 0.41000 0.00000000
29825.040 0.13000 0.00000000
31255.410 0.73573 0.00000000
32051.040 0.71000 0.00000000
35129.260 0.10925 0.00000000
36278.990 0.74950 0.00000000
37494.820 0.81000 0.00000000
38395.010 0.90853 0.00000000
41474.900 0.44000 0.00000000
42845.970 0.38000 0.00000000
45169.900 0.64000 0.00000000
45484.560 0.63000 0.00000000
47404.440 0.28000 0.00000000
51047.200 0.79000 0.00000000
52549.090 0.33000 0.00000000
52714.950 0.25000 0.00000000
53765.030 0.57000 0.00000000
60875.840 0.73000 0.00000000
62136.200 0.15000 0.00000000
64701.510 0.80000 0.00000000
66519.520 0.64000 0.00000000
68803.970 0.25546 0.00000000
70464.700 0.52000 0.00000000
73339.220 0.93562 0.00000000
74384.090 0.20000 0.00000000
74514.460 0.37579 0.00000000
75774.040 0.20004 0.00000000
82075.520 0.85000 0.00000000
83753.040 0.68772 0.00000000
84179.540 0.38000 0.00000000
85233.500 0.16376 0.00000000
85534.450 0.31000 0.00000000
