7129.010 0.49000 0.00000000
11906.460 0.60000 0.00000000
16021.080 0.30000 0.00000000
23936.340 0.11000 0.00000000
27206.030 0.65000 0.00000000
29867.880 0.38000 0.00000000
30047.400 0.56000 0.00000000
34970.950 0.18000 0.00000000
37515.420 0.10000 0.00000000
38400.380 0.58000 0.00000000
50387.280 0.11000 0.00000000
51070.450 0.13000 0.00000000
56142.160 0.13800 0.00000000
60901.330 0.17000 0.00000000
64714.120 0.69000 0.00000000
67655.130 0.33000 0.00000000
74400.930 0.39000 0.00000000
76756.430 0.46000 0.00000000
