9529.200 0.26000 0.00000000
11908.260 0.41000 0.00000000
22413.180 0.37000 0.00000000
22808.630 0.32000 0.00000000
23927.820 0.21000 0.00000000
27212.960 0.64000 0.00000000
29862.630 0.16000 0.00000000
32075.010 0.17000 0.00000000
37510.880 0.23000 0.00000000
37701.250 0.44000 0.00000000
38404.360 0.15000 0.00000000
45503.480 0.41000 0.00000000
51071.190 0.25000 0.00000000
52734.290 0.34000 0.00000000
53794.630 0.22000 0.00000000
60902.190 0.21000 0.00000000
64716.050 0.28000 0.00000000
64738.230 0.26000 0.00000000
66437.060 0.49000 0.00000000
74530.270 0.44000 0.00000000
82087.580 0.23000 0.00000000
83762.000 0.35000 0.00000000
86112.870 0.50527 0.00000000
