4.970 0.49000 0.00000000
217.010 0.28153 0.00000000
4750.910 0.19000 0.00000000
8659.280 0.64586 0.00000000
9290.020 0.59233 0.00000000
13700.040 0.39609 0.00000000
22980.000 0.34461 0.00000000
23905.060 0.74375 0.00000000
24953.140 0.53646 0.00000000
27206.320 0.14000 0.00000000
38857.030 0.20165 0.00000000
48264.580 0.84842 0.00000000
64727.050 0.39000 0.00000000
71783.480 0.73471 0.00000000
74227.140 0.29714 0.00000000
76124.990 0.57000 0.00000000
78098.550 0.22654 0.00000000
78253.350 0.25099 0.00000000
78504.010 0.89439 0.00000000
83754.020 0.77653 0.00000000
