1921.110 0.16000 0.00000000
2120.800 0.22000 0.00000000
13844.750 0.22000 0.00000000
16789.710 0.14000 0.00000000
19514.380 0.40000 0.00000000
20067.290 0.19000 0.00000000
21291.490 0.12000 0.00000000
22786.340 0.56000 0.00000000
23924.770 0.47000 0.00000000
31654.770 0.33000 0.00000000
33708.880 0.31000 0.00000000
34701.240 0.83000 0.00000000
38865.170 0.54000 0.00000000
38900.490 0.24000 0.00000000
41873.320 0.73000 0.00000000
42875.380 0.47000 0.00000000
47336.850 0.84000 0.00000000
50076.190 0.66000 0.00000000
56132.930 0.83000 0.00000000
57136.100 0.48000 0.00000000
57778.820 0.70000 0.00000000
57809.670 0.29000 0.00000000
60941.750 0.24000 0.00000000
62661.730 0.65000 0.00000000
64753.680 0.56000 0.00000000
65236.410 0.68000 0.00000000
70287.970 0.62000 0.00000000
70509.630 0.26000 0.00000000
75804.160 0.22000 0.00000000
78510.200 0.54000 0.00000000
81676.770 0.34000 0.00000000
82318.800 0.69000 0.00000000
84679.410 0.81000 0.00000000
84723.010 0.35000 0.00000000
86108.310 0.81000 0.00000000
