9165.770 0.75000 0.00000000
11895.820 0.29000 0.00000000
17143.990 0.84374 0.00000000
22388.070 0.32000 0.00000000
26430.420 0.64000 0.00000000
29826.010 0.87000 0.00000000
31261.800 0.49000 0.00000000
45160.120 0.83000 0.00000000
45494.630 0.73907 0.00000000
46260.640 0.68000 0.00000000
47383.040 0.89931 0.00000000
51044.000 0.76000 0.00000000
57164.020 0.13000 0.00000000
60868.980 0.80000 0.00000000
64465.710 0.47000 0.00000000
64700.770 0.83000 0.00000000
67264.000 0.79000 0.00000000
75774.770 0.98570 0.00000000
82076.000 0.15378 0.00000000
