218.020 0.57015 0.00000000
9162.580 0.50134 0.00000000
9289.990 0.24732 0.00000000
11893.970 0.98520 0.00000000
15588.960 0.62633 0.00000000
17143.020 0.69565 0.00000000
23917.590 0.21000 0.00000000
24954.470 0.90453 0.00000000
27194.740 0.81000 0.00000000
29830.040 0.39000 0.00000000
30749.960 0.26000 0.00000000
37680.020 0.37741 0.00000000
38394.540 0.87456 0.00000000
38856.960 0.98780 0.00000000
43309.370 0.97838 0.00000000
45172.080 0.13403 0.00000000
45493.870 0.99998 0.00000000
47380.020 0.64000 0.00000000
48263.830 0.63462 0.00000000
51054.230 0.29000 0.00000000
57166.090 0.35000 0.00000000
60881.420 0.46000 0.00000000
62923.910 0.37519 0.00000000
64704.660 0.77000 0.00000000
74388.950 0.46000 0.00000000
74515.040 0.50837 0.00000000
75775.060 0.55664 0.00000000
78253.010 0.61322 0.00000000
82073.990 0.70541 0.00000000
83744.420 0.84000 0.00000000
85225.030 0.95376 0.00000000
