216.060 0.37669 0.00000000
8658.810 0.16066 0.00000000
9505.160 0.54000 0.00000000
11892.750 0.98304 0.00000000
13698.890 0.39180 0.00000000
22980.740 0.32914 0.00000000
23912.970 0.40000 0.00000000
24955.370 0.20369 0.00000000
26615.480 0.46000 0.00000000
27197.280 0.78000 0.00000000
29831.830 0.24000 0.00000000
35916.040 0.97740 0.00000000
37031.000 0.11061 0.00000000
37509.080 0.62000 0.00000000
38395.300 0.39000 0.00000000
38857.450 0.19412 0.00000000
43309.880 0.41666 0.00000000
45156.740 0.31493 0.00000000
47383.040 0.52000 0.00000000
48265.020 0.39124 0.00000000
52231.510 0.21641 0.00000000
52729.700 0.54000 0.00000000
56076.450 0.12000 0.00000000
64709.840 0.60000 0.00000000
74218.010 0.57555 0.00000000
75774.110 0.36000 0.00000000
78252.980 0.14581 0.00000000
78513.720 0.11006 0.00000000
81530.010 0.47663 0.00000000
82074.530 0.22674 0.00000000
83747.290 0.74000 0.00000000
85225.080 0.57814 0.00000000
