216.050 0.11630 0.00000000
9163.050 0.31672 0.00000000
11893.090 0.58453 0.00000000
15589.350 0.95929 0.00000000
17142.020 0.31474 0.00000000
22397.170 0.42000 0.00000000
24957.080 0.16438 0.00000000
27197.520 0.83000 0.00000000
38395.010 0.43771 0.00000000
45169.560 0.66000 0.00000000
45494.010 0.39702 0.00000000
47378.130 0.24000 0.00000000
48267.240 0.34129 0.00000000
51052.670 0.20000 0.00000000
57169.000 0.21000 0.00000000
60879.370 0.51000 0.00000000
64703.750 0.76000 0.00000000
74387.060 0.43000 0.00000000
74515.050 0.72496 0.00000000
75775.030 0.91962 0.00000000
78098.840 0.13423 0.00000000
82075.070 0.98073 0.00000000
83752.000 0.12768 0.00000000
