8.060 0.51000 0.00000000
1436.050 0.73314 0.00000000
4742.870 0.70136 0.00000000
8659.910 0.66151 0.00000000
9289.970 0.60747 0.00000000
9503.030 0.67000 0.00000000
9767.960 0.34000 0.00000000
11894.660 0.42037 0.00000000
13700.040 0.72820 0.00000000
14500.770 0.56000 0.00000000
22784.520 0.56000 0.00000000
22980.020 0.27581 0.00000000
23910.330 0.44000 0.00000000
26611.580 0.74000 0.00000000
27200.320 0.81000 0.00000000
29831.960 0.22000 0.00000000
37510.020 0.32000 0.00000000
37681.310 0.93125 0.00000000
38394.070 0.91367 0.00000000
38857.080 0.26259 0.00000000
43314.920 0.14639 0.00000000
50085.810 0.26000 0.00000000
64712.030 0.81000 0.00000000
74224.600 0.49662 0.00000000
74514.510 0.19478 0.00000000
75773.990 0.23000 0.00000000
78253.310 0.48560 0.00000000
78504.060 0.78425 0.00000000
83750.400 0.80000 0.00000000
