217.990 0.92662 0.00000000
1436.010 0.46162 0.00000000
8658.980 0.14914 0.00000000
9162.530 0.73002 0.00000000
9289.970 0.71068 0.00000000
11901.870 0.25694 0.00000000
13699.020 0.55266 0.00000000
22981.300 0.27545 0.00000000
23909.650 0.48564 0.00000000
24956.040 0.64166 0.00000000
27198.080 0.76000 0.00000000
37681.070 0.49398 0.00000000
38857.020 0.38066 0.00000000
57165.590 0.49759 0.00000000
62920.020 0.84000 0.00000000
62947.960 0.13000 0.00000000
64712.940 0.54000 0.00000000
74222.050 0.25722 0.00000000
74515.000 0.26746 0.00000000
78504.070 0.25751 0.00000000
83752.010 0.37074 0.00000000
