1446.790 0.35193 0.00000000
7291.930 0.94109 0.00000000
8425.610 0.47000 0.00000000
9289.990 0.26759 0.00000000
13699.990 0.13311 0.00000000
14919.010 0.15000 0.00000000
21302.380 0.68000 0.00000000
21345.980 0.36000 0.00000000
22981.930 0.78764 0.00000000
27202.050 0.88000 0.00000000
27851.000 0.22000 0.00000000
29832.460 0.11269 0.00000000
38856.020 0.15305 0.00000000
43312.970 0.64000 0.00000000
45049.840 0.64000 0.00000000
48266.020 0.31544 0.00000000
57165.000 0.47000 0.00000000
62923.950 0.22538 0.00000000
71787.050 0.11164 0.00000000
74219.920 0.17087 0.00000000
78509.090 0.66000 0.00000000
81525.990 0.34477 0.00000000
83752.690 0.44000 0.00000000
