1440.040 0.88000 0.00000000
13705.270 0.85000 0.00000000
14300.140 0.75000 0.00000000
15688.730 0.78000 0.00000000
22980.080 0.14046 0.00000000
27207.850 0.82000 0.00000000
37025.090 0.81000 0.00000000
38863.840 0.72000 0.00000000
39735.140 0.50000 0.00000000
43317.690 0.53000 0.00000000
47125.050 0.74000 0.00000000
48265.080 0.46394 0.00000000
56357.860 0.75000 0.00000000
57169.050 0.60000 0.00000000
71787.220 0.87000 0.00000000
74221.050 0.10115 0.00000000
78509.660 0.26000 0.00000000
83758.950 0.64000 0.00000000
