    1   2017 02 01 00:00:-0.062       -0.062   1.7728      62.9991    -146.6425      15.0000     -inf     -nan    4    3    7   167.98
    2   2017 02 01 00:00:03.348        3.348   0.9569      62.4258    -143.3488       0.0000     -inf     -nan    3    4    7   217.46
    3   2017 02 01 00:23:58.357     1438.357   1.0186      63.2165    -143.0367      35.0000     -inf     -nan    3    1    4   343.06
    4   2017 02 01 00:42:19.614     2539.614   0.8356      64.5781    -147.1424      35.0000     -inf     -nan   19    1   20   131.57
    5   2017 02 01 00:58:18.194     3498.194   1.7180      61.8181    -144.3741       5.0000     -inf     -nan    6    1    7   296.87
    6   2017 02 01 00:58:56.619     3536.619   0.3997      64.8685    -146.9828       0.0000     -inf     -nan    3   10   13   320.71
    7   2017 02 01 01:01:13.924     3673.924   1.6369      64.8783    -146.7961       0.0000     -inf     -nan   18    6   24   249.70
    8   2017 02 01 01:14:16.287     4456.287   0.3626      64.7554    -147.1790      25.0000     -inf     -nan   18   18   36   179.96
    9   2017 02 01 01:18:54.895     4734.895   1.7107      63.1303    -145.6395      15.0000     -inf     -nan    6    6   12   105.56
   10   2017 02 01 01:40:48.289     6048.289   1.0701      63.2714    -147.5931       0.0000     -inf     -nan    6    2    8   186.52
   11   2017 02 01 02:01:28.455     7288.455   1.7502      64.1665    -143.8001      25.0000     -inf     -nan    4    2    6   274.70
   12   2017 02 01 02:13:07.183     7987.183   0.4707      64.7457    -147.9149       0.0000     -inf     -nan   10    1   11   268.21
   13   2017 02 01 02:15:09.268     8109.268   0.7972      64.6234    -145.4493      30.0000     -inf     -nan   21    1   22   173.45
   14   2017 02 01 02:24:14.048     8654.048   1.2431      61.8762    -144.1701       5.0000     -inf     -nan    6    1    7   348.65
   15   2017 02 01 02:32:39.232     9159.232   1.9255      61.5328    -146.0323      30.0000     -inf     -nan    6    6   12   149.02
   16   2017 02 01 02:38:09.068     9489.068   1.7468      64.2095    -146.9678      15.0000     -inf     -nan    8    6   14   182.03
   17   2017 02 01 02:38:16.911     9496.911   1.5960      62.8003    -145.4895      20.0000     -inf     -nan   14    4   18   135.51
   18   2017 02 01 02:42:43.093     9763.093   1.8120      62.7238    -145.6706       5.0000     -inf     -nan    3    2    5   126.45
   19   2017 02 01 03:15:42.189    11742.189   1.0651      63.0914    -147.3531      20.0000     -inf     -nan    3    2    5   303.75
   20   2017 02 01 03:15:58.334    11758.334   0.6834      64.8357    -147.7049       0.0000     -inf     -nan   19   20   39   262.41
   21   2017 02 01 03:18:15.078    11895.078   1.8123      61.4365    -144.4978      35.0000     -inf     -nan    9    2   11   256.80
   22   2017 02 01 03:51:03.610    13863.610   0.1557      64.6837    -147.1211      35.0000     -inf     -nan    4    4    8   341.06
   23   2017 02 01 04:06:58.025    14818.025   1.0544      64.8483    -147.1861      15.0000     -inf     -nan   12   15   27   281.74
   24   2017 02 01 04:07:11.998    14831.998   1.9104      64.6635    -147.0625      35.0000     -inf     -nan   12   11   23   189.86
   25   2017 02 01 04:10:53.987    15053.987   1.0366      64.8034    -145.5693      25.0000     -inf     -nan    7   22   29   200.48
   26   2017 02 01 04:11:01.505    15061.505   0.5819      61.9081    -143.9841      15.0000     -inf     -nan   17    2   19   282.34
   27   2017 02 01 04:19:42.969    15582.969   0.1444      61.5265    -144.5878      20.0000     -inf     -nan    3    3    6   251.70
   28   2017 02 01 04:44:21.269    17061.269   1.9106      61.9081    -144.3441       5.0000     -inf     -nan    3    3    6   260.81
   29   2017 02 01 05:34:00.508    20040.508   0.6069      63.1214    -147.3831      25.0000     -inf     -nan    6    1    7   107.68
   30   2017 02 01 05:43:53.897    20633.897   0.3658      64.7283    -147.1861      15.0000     -inf     -nan   24   24   48   153.09
   31   2017 02 01 05:44:29.285    20669.285   0.4667      64.9751    -147.0639      15.0000     -inf     -nan    7    7   14   338.71
   32   2017 02 01 05:51:06.696    21066.696   0.3671      64.9807    -146.8765      15.0000     -inf     -nan   12    1   13   283.34
   33   2017 02 01 06:05:25.205    21925.205   1.4531      64.6918    -147.0262       5.0000     -inf     -nan   15    1   16   105.35
   34   2017 02 01 06:05:36.276    21936.276   1.3993      64.8385    -146.9228      25.0000     -inf     -nan    4   16   20   210.93
   35   2017 02 01 06:13:07.485    22387.485   1.9873      61.8176    -147.1233      25.0000     -inf     -nan    5    8   13   120.08
   36   2017 02 01 06:13:09.959    22389.959   0.9220      62.1078    -146.3651      35.0000     -inf     -nan    8    1    9   189.70
   37   2017 02 01 06:19:35.591    22775.591   1.7276      63.5703    -144.9558      20.0000     -inf     -nan   18    5   23    83.40
   38   2017 02 01 06:19:37.743    22777.743   1.2026      64.7434    -145.3293      25.0000     -inf     -nan    6   11   17   194.24
   39   2017 02 01 06:38:24.714    23904.714   1.4908      62.3178    -146.6051      10.0000     -inf     -nan    7    6   13   131.25
   40   2017 02 01 06:38:32.510    23912.510   1.6566      61.0402    -145.3428      30.0000     -inf     -nan   17    2   19   326.25
   41   2017 02 01 07:09:00.839    25740.839   1.1854      65.0640    -148.0612       0.0000     -inf     -nan   24    2   26   307.16
   42   2017 02 01 07:20:19.896    26419.896   1.0702      62.0881    -144.3441       5.0000     -inf     -nan    5    2    7   282.89
   43   2017 02 01 07:20:33.396    26433.396   1.7402      61.7365    -144.5878      20.0000     -inf     -nan    3    6    9   227.60
   44   2017 02 01 07:23:20.178    26600.178   0.9488      64.2095    -147.1178      10.0000     -inf     -nan   12    3   15   172.79
   45   2017 02 01 07:23:25.118    26605.118   1.4873      64.8034    -145.3293      25.0000     -inf     -nan    4   22   26   199.98
   46   2017 02 01 07:23:28.470    26608.470   1.2691      62.7590    -145.5958      20.0000     -inf     -nan   17    3   20   131.52
   47   2017 02 01 07:33:10.504    27190.504   1.4707      62.1104    -145.1913       0.0000     -inf     -nan   24   24   48    51.70
   48   2017 02 01 07:33:22.149    27202.149   1.2039      63.0295    -143.6365      25.0000     -inf     -nan    7    3   10   196.72
   49   2017 02 01 07:33:41.297    27221.297   1.5448      61.7281    -143.9841      25.0000     -inf     -nan    3    2    5   266.33
   50   2017 02 01 07:52:38.850    28358.850   0.2439      64.6319    -146.8570       0.0000     -inf     -nan   19   20   39   319.09
   51   2017 02 01 08:10:48.740    29448.740   1.3615      64.6076    -146.7894       5.0000     -inf     -nan    5    5   10   176.58
   52   2017 02 01 08:16:58.883    29818.883   1.6807      61.9205    -146.6561      25.0000     -inf     -nan    7    1    8   136.84
   53   2017 02 01 08:17:02.842    29822.842   1.7723      61.2896    -145.7345       0.0000     -inf     -nan    6    4   10   116.62
   54   2017 02 01 08:17:05.024    29825.024   1.0103      62.5490    -145.3558      35.0000     -inf     -nan   12    1   13   195.25
   55   2017 02 01 08:40:57.060    31257.060   0.8650      61.0121    -146.1363      30.0000     -inf     -nan    3    3    6   309.24
   56   2017 02 01 09:05:30.036    32730.036   0.3294      63.3614    -147.7431      30.0000     -inf     -nan    2    1    3   330.19
   57   2017 02 01 09:32:32.500    34352.500   1.3116      62.4601    -145.5747      25.0000     -inf     -nan    3    1    4   241.67
   58   2017 02 01 09:48:03.728    35283.728   0.5119      64.6681    -146.8724      20.0000     -inf     -nan    3    1    4   182.50
   59   2017 02 01 10:24:46.629    37486.629   1.2999      61.9233    -147.8658       5.0000     -inf     -nan   18   18   36   211.93
   60   2017 02 01 10:27:52.144    37672.144   0.8189      62.0478    -146.7251      25.0000     -inf     -nan    3    1    4   195.12
   61   2017 02 01 10:27:55.519    37675.519   1.0235      62.9657    -147.2455       5.0000     -inf     -nan    5    2    7   167.36
   62   2017 02 01 10:38:24.646    38304.646   0.6538      62.1181    -144.0141       0.0000     -inf     -nan    3    3    6   295.48
   63   2017 02 01 10:39:50.033    38390.033   0.8242      62.1901    -145.6047      20.0000     -inf     -nan    5    5   10   195.68
   64   2017 02 01 10:44:26.260    38666.260   0.8635      61.3402    -145.5228      15.0000     -inf     -nan    3    1    4   177.98
   65   2017 02 01 10:47:31.457    38851.457   1.1104      63.8103    -144.7458      25.0000     -inf     -nan    5    5   10   227.14
   66   2017 02 01 11:01:45.997    39705.997   1.7323      63.1814    -147.7431      20.0000     -inf     -nan   10   16   26   243.38
   67   2017 02 01 11:01:58.545    39718.545   0.7027      64.7457    -147.6149       5.0000     -inf     -nan   12    1   13   222.17
   68   2017 02 01 11:14:17.105    40457.105   0.5190      61.3940    -142.8336       0.0000     -inf     -nan    6    1    7   249.46
   69   2017 02 01 11:20:42.493    40842.493   0.5881      64.5985    -146.5928      20.0000     -inf     -nan   13    1   14   222.40
   70   2017 02 01 12:01:49.291    43309.291   0.7487      62.7024    -144.5602      25.0000     -inf     -nan    4    4    8   158.27
   71   2017 02 01 12:09:47.892    43787.892   0.5085      64.8985    -146.8628       0.0000     -inf     -nan   12    1   13   267.98
   72   2017 02 01 12:10:05.056    43805.056   1.1660      64.8233    -146.8627       5.0000     -inf     -nan    3   13   16   288.60
   73   2017 02 01 12:32:45.174    45165.174   1.1763      61.9624    -147.4086       0.0000     -inf     -nan    4    9   13   134.66
   74   2017 02 01 12:32:49.878    45169.878   1.2126      61.5721    -143.7419      35.0000     -inf     -nan    9    1   10   178.09
   75   2017 02 01 12:32:54.042    45174.042   1.6675      62.0862    -144.5001       0.0000     -inf     -nan    8    5   13   158.29
   76   2017 02 01 12:37:56.604    45476.604   1.6593      61.7733    -147.7758      15.0000     -inf     -nan    8    9   17   252.72
   77   2017 02 01 12:50:58.535    46258.535   1.5690      61.0721    -146.1363       0.0000     -inf     -nan    5    3    8   217.26
   78   2017 02 01 13:09:36.731    47376.731   1.2493      61.7804    -145.2513       5.0000     -inf     -nan   11    1   12   170.94
   79   2017 02 01 13:09:42.038    47382.038   2.3558      63.2070    -146.0480      15.0000     -inf     -nan    8    7   15   146.11
   80   2017 02 01 13:10:00.410    47400.410   2.1641      64.6234    -145.3593      35.0000     -inf     -nan    5    1    6   278.23
   81   2017 02 01 13:54:29.046    50069.046   1.0344      63.4787    -146.0152       0.0000     -inf     -nan    8    8   16   159.99
   82   2017 02 01 13:56:24.895    50184.895   0.6885      64.6954    -147.1790       5.0000     -inf     -nan   19   18   37   251.75
   83   2017 02 01 14:10:44.531    51044.531   1.9701      61.9376    -146.7633      20.0000     -inf     -nan    9    9   18    92.09
   84   2017 02 01 14:12:19.500    51139.500   1.6634      64.7554    -147.0890       0.0000     -inf     -nan   13    3   16   150.11
   85   2017 02 01 14:28:50.840    52130.840   0.0985      64.6365    -146.8770      10.0000     -inf     -nan   16   16   32   317.59
   86   2017 02 01 14:38:41.118    52721.118   1.1447      62.9657    -147.2755      25.0000     -inf     -nan    4    3    7   120.53
   87   2017 02 01 14:55:58.519    53758.519   1.7476      61.6324    -147.2886      10.0000     -inf     -nan    8    1    9   244.51
   88   2017 02 01 15:08:52.775    54532.775   0.3005      64.9207    -146.8465       0.0000     -inf     -nan   14    1   15   266.96
   89   2017 02 01 15:08:55.640    54535.640   0.5749      64.1665    -143.8001      35.0000     -inf     -nan   12    1   13   186.42
   90   2017 02 01 15:51:47.187    57107.187   0.9514      64.4495    -146.7578       0.0000     -inf     -nan   24   25   49   148.43
   91   2017 02 01 15:52:37.976    57157.976   1.3829      64.8154    -147.0590       0.0000     -inf     -nan    4    6   10   314.74
   92   2017 02 01 15:52:40.428    57160.428   1.8617      62.4924    -144.5002      15.0000     -inf     -nan   12    3   15    90.40
   93   2017 02 01 15:52:43.133    57163.133   1.0633      61.5013    -144.9942      15.0000     -inf     -nan    6    2    8   125.52
   94   2017 02 01 16:12:23.252    58343.252   0.5418      63.0058    -143.4274      15.0000     -inf     -nan   12    1   13   255.48
   95   2017 02 01 16:17:36.011    58656.011   1.1265      64.9354    -146.8790       0.0000     -inf     -nan   21    2   23   293.01
   96   2017 02 01 16:22:46.884    58966.884   1.6775      61.2233    -143.6663      25.0000     -inf     -nan    9    1   10   248.35
   97   2017 02 01 16:54:26.184    60866.184   1.5018      61.0421    -146.1363      10.0000     -inf     -nan   18    4   22   235.26
   98   2017 02 01 17:08:55.888    61735.888   0.2535      64.6683    -147.1561       5.0000     -inf     -nan   16   17   33   240.14
   99   2017 02 01 17:16:46.113    62206.113   0.5073      62.3101    -145.5147       0.0000     -inf     -nan    3    1    4   183.49
  100   2017 02 01 17:58:21.317    64701.317   1.6182      61.9974    -145.3912      10.0000     -inf     -nan   14   10   24    73.22
  101   2017 02 01 17:58:44.479    64724.479   1.6491      62.7232    -143.5531       5.0000     -inf     -nan    9    4   13   115.94
  102   2017 02 01 18:22:42.795    66162.795   1.5746      64.5985    -146.9828      10.0000     -inf     -nan    3    2    5   183.87
  103   2017 02 01 19:24:27.875    69867.875   1.1365      64.9396    -146.9236      15.0000     -inf     -nan    7    7   14   343.83
  104   2017 02 01 19:34:17.456    70457.456   0.8106      61.9499    -147.6392      20.0000     -inf     -nan    3    3    6   168.94
  105   2017 02 01 19:51:27.750    71487.750   0.1325      64.9618    -146.9962      25.0000     -inf     -nan    5    5   10   335.98
  106   2017 02 01 20:17:46.917    73066.917   0.5627      64.5783    -147.0361      10.0000     -inf     -nan   23   23   46   113.72
  107   2017 02 01 20:17:57.914    73077.914   0.6237      64.6381    -147.1424      25.0000     -inf     -nan    3    3    6   246.37
  108   2017 02 01 20:39:40.831    74380.831   1.6116      61.5536    -145.4252      30.0000     -inf     -nan   10    2   12   106.13
  109   2017 02 01 20:39:44.892    74384.892   1.4429      62.1001    -145.6047       0.0000     -inf     -nan    6    7   13    79.39
  110   2017 02 01 20:41:48.935    74508.935   1.0523      61.6324    -147.3186      30.0000     -inf     -nan    5    5   10   209.88
  111   2017 02 01 21:02:34.583    75754.583   1.5919      62.4712    -147.9396      10.0000     -inf     -nan    5    2    7   235.21
  112   2017 02 01 21:02:49.685    75769.685   2.1444      61.3228    -146.0023       0.0000     -inf     -nan    4    3    7   296.59
  113   2017 02 01 21:02:54.060    75774.060   1.4898      63.7187    -146.0752      30.0000     -inf     -nan    5    2    7   239.00
  114   2017 02 01 21:15:27.486    76527.486   1.0963      64.6096    -147.0136       0.0000     -inf     -nan    6    6   12   219.29
  115   2017 02 01 21:44:24.690    78264.690   0.7536      64.9376    -147.0294      20.0000     -inf     -nan   19    1   20   278.03
  116   2017 02 01 21:46:11.604    78371.604   1.0755      61.7281    -143.9841       0.0000     -inf     -nan    3    3    6   333.41
  117   2017 02 01 21:48:16.906    78496.906   2.2069      63.4487    -145.6852      25.0000     -inf     -nan    5    8   13   142.93
  118   2017 02 01 22:00:29.550    79229.550   1.9636      62.4112    -147.9396      30.0000     -inf     -nan    3    3    6   344.96
  119   2017 02 01 22:40:04.942    81604.942   1.0843      61.6624    -147.1386      30.0000     -inf     -nan    4    1    5   189.24
  120   2017 02 01 22:51:34.246    82294.246   1.6491      63.1457    -147.1855      30.0000     -inf     -nan    6    6   12   125.62
  121   2017 02 01 23:15:40.334    83740.334   1.5654      62.1404    -145.2213       0.0000     -inf     -nan   17   19   36    72.58
  122   2017 02 01 23:15:52.297    83752.297   1.0965      63.0295    -143.7565      35.0000     -inf     -nan    7    2    9   278.10
