    1   2017 02 01 00:00:-0.062       -0.062   1.3563      62.9991    -146.6425      15.0000     -inf     -nan    4    3    7   167.98
    2   2017 02 01 00:03:29.085      209.085   1.1051      61.8774    -145.0312      25.0000     -inf     -nan   13    1   14    59.23
    3   2017 02 01 00:23:48.061     1428.061   1.7495      62.8303    -145.2795      20.0000     -inf     -nan    8    2   10   126.22
    4   2017 02 01 00:42:19.614     2539.614   0.7187      64.5781    -147.1424      35.0000     -inf     -nan   19    1   20   131.57
    5   2017 02 01 00:58:18.194     3498.194   1.7180      61.8181    -144.3741       5.0000     -inf     -nan    6    1    7   296.87
    6   2017 02 01 00:58:56.619     3536.619   0.3997      64.8685    -146.9828       0.0000     -inf     -nan    3   10   13   320.71
    7   2017 02 01 01:01:09.238     3669.238   0.4620      64.7040    -147.6712       0.0000     -inf     -nan   16    8   24   166.55
    8   2017 02 01 01:01:15.760     3675.760   0.9027      62.3188    -143.2192      10.0000     -inf     -nan   18    2   20   288.71
    9   2017 02 01 01:01:35.412     3695.412   1.4856      63.5703    -144.8058      25.0000     -inf     -nan    5    3    8   124.93
   10   2017 02 01 01:02:19.109     3739.109   0.4620      64.7939    -147.7314       0.0000     -inf     -nan    6    1    7   133.09
   11   2017 02 01 01:14:13.528     4453.528   0.7947      65.0040    -148.0012      20.0000     -inf     -nan   10    9   19   306.06
   12   2017 02 01 01:14:15.913     4455.913   0.6534      64.5395    -147.0878      10.0000     -inf     -nan   17   13   30   133.37
   13   2017 02 01 01:18:56.513     4736.513   1.4229      62.6990    -145.3258      30.0000     -inf     -nan    5    3    8   120.75
   14   2017 02 01 01:40:48.215     6048.215   1.1117      63.2714    -147.7131      10.0000     -inf     -nan    6    2    8   192.95
   15   2017 02 01 02:01:21.263     7281.263   1.7924      63.1603    -145.5495      25.0000     -inf     -nan    7    5   12   115.98
   16   2017 02 01 02:13:07.432     7987.432   0.5125      64.7457    -147.8849       0.0000     -inf     -nan   10    1   11   267.50
   17   2017 02 01 02:15:09.305     8109.305   0.8107      64.6234    -145.4493      30.0000     -inf     -nan   22    1   23   173.45
   18   2017 02 01 02:24:11.910     8651.910   1.3435      61.3340    -142.9236      20.0000     -inf     -nan   12    1   13   268.89
   19   2017 02 01 02:24:45.220     8685.220   0.6927      64.8165    -146.8770       5.0000     -inf     -nan    6    7   13   310.32
   20   2017 02 01 02:32:36.976     9156.976   1.5884      62.0571    -145.9846      25.0000     -inf     -nan    6    4   10    84.16
   21   2017 02 01 02:34:45.207     9285.207   0.8773      62.4624    -144.5002      20.0000     -inf     -nan    5    1    6    85.77
   22   2017 02 01 02:38:12.553     9492.553   1.1651      64.5695    -147.0278       5.0000     -inf     -nan   17    5   22   121.33
   23   2017 02 01 02:38:16.980     9496.980   1.5518      62.2878    -146.6351      20.0000     -inf     -nan   15    5   20    93.05
   24   2017 02 01 02:42:40.508     9760.508   1.7871      62.7838    -145.2806      35.0000     -inf     -nan    4    1    5   255.10
   25   2017 02 01 03:15:42.163    11742.163   1.3882      63.2414    -147.7131      20.0000     -inf     -nan    3    4    7   224.99
   26   2017 02 01 03:15:59.524    11759.524   0.9778      64.5095    -147.1478      10.0000     -inf     -nan   24   19   43   155.93
   27   2017 02 01 03:18:07.661    11887.661   1.9189      62.0571    -145.9846      25.0000     -inf     -nan   13    4   17    91.76
   28   2017 02 01 03:18:12.530    11892.530   1.2703      61.1002    -145.4628      30.0000     -inf     -nan   12    3   15   189.98
   29   2017 02 01 03:48:19.860    13699.860   1.0331      62.9695    -143.8165      35.0000     -inf     -nan   14    1   15    91.99
   30   2017 02 01 03:51:03.055    13863.055   0.5947      64.6257    -147.6149       5.0000     -inf     -nan   22    4   26   156.11
   31   2017 02 01 04:06:53.424    14813.424   0.8394      64.7040    -147.7912      15.0000     -inf     -nan   24   12   36   164.04
   32   2017 02 01 04:07:08.871    14828.871   1.1289      64.5116    -143.5832      20.0000     -inf     -nan    8    5   13   221.17
   33   2017 02 01 04:07:11.224    14831.224   1.9706      64.8697    -146.8589      35.0000     -inf     -nan    9    7   16   257.72
   34   2017 02 01 04:10:53.984    15053.984   1.0516      64.8034    -145.5693      25.0000     -inf     -nan    7   22   29   200.48
   35   2017 02 01 04:11:01.560    15061.560   0.5765      61.9081    -143.9841      15.0000     -inf     -nan   18    2   20   282.34
   36   2017 02 01 04:19:41.091    15581.091   1.3011      61.6465    -144.4378      30.0000     -inf     -nan   14    3   17   113.30
   37   2017 02 01 04:44:21.269    17061.269   1.9106      61.9081    -144.3441       5.0000     -inf     -nan    3    3    6   260.81
   38   2017 02 01 04:45:35.748    17135.748   1.7397      61.2502    -145.5228      25.0000     -inf     -nan   15    1   16   129.21
   39   2017 02 01 04:57:10.787    17830.787   1.1301      61.5899    -147.8792       0.0000     -inf     -nan    3    2    5   337.29
   40   2017 02 01 05:34:00.037    20040.037   0.7245      63.1514    -147.4731      30.0000     -inf     -nan    7    1    8   109.70
   41   2017 02 01 05:43:53.921    20633.921   0.3853      64.7283    -147.1861      15.0000     -inf     -nan   24   24   48   121.69
   42   2017 02 01 05:44:01.560    20641.560   0.9451      64.9897    -146.9189      35.0000     -inf     -nan    3    1    4   276.57
   43   2017 02 01 05:44:29.285    20669.285   0.4667      64.9751    -147.0639      15.0000     -inf     -nan    7    7   14   338.71
   44   2017 02 01 05:51:06.684    21066.684   0.3753      64.9507    -146.8765      20.0000     -inf     -nan   12    1   13   281.24
   45   2017 02 01 06:05:25.205    21925.205   1.4505      64.6918    -147.0262       5.0000     -inf     -nan   15    1   16   105.35
   46   2017 02 01 06:05:36.276    21936.276   1.4302      64.8385    -146.9228      25.0000     -inf     -nan    4   16   20   210.93
   47   2017 02 01 06:13:08.268    22388.268   1.9423      61.1902    -145.5528      20.0000     -inf     -nan    8    6   14   172.33
   48   2017 02 01 06:19:32.119    22772.119   1.5875      63.2370    -146.1080      20.0000     -inf     -nan    3   20   23    85.11
   49   2017 02 01 06:19:34.371    22774.371   1.0130      64.8839    -147.7314      10.0000     -inf     -nan   10    2   12   203.53
   50   2017 02 01 06:19:42.020    22782.020   1.1706      62.1378    -146.5151      25.0000     -inf     -nan   14    5   19   261.84
   51   2017 02 01 06:38:23.327    23903.327   1.8582      63.6587    -145.9852      15.0000     -inf     -nan    5   20   25   135.31
   52   2017 02 01 06:38:32.150    23912.150   1.1780      62.2291    -145.1164      15.0000     -inf     -nan   16    4   20   192.71
   53   2017 02 01 07:09:00.849    25740.849   1.5587      65.0640    -148.0612       0.0000     -inf     -nan   24    2   26   307.16
   54   2017 02 01 07:20:29.898    26429.898   1.5118      61.5318    -145.3343      25.0000     -inf     -nan    4    5    9   176.60
   55   2017 02 01 07:20:32.640    26432.640   0.4789      61.3621    -144.0119      25.0000     -inf     -nan    3    1    4   134.34
   56   2017 02 01 07:23:10.667    26590.667   1.6891      63.7487    -145.7452       0.0000     -inf     -nan   11   16   27   116.38
   57   2017 02 01 07:23:20.160    26600.160   1.1887      64.2095    -147.1178      10.0000     -inf     -nan   21    6   27   172.79
   58   2017 02 01 07:23:26.783    26606.783   1.1672      64.7434    -145.4193      30.0000     -inf     -nan    5   11   16   191.72
   59   2017 02 01 07:31:30.030    27090.030   1.7291      61.4302    -145.1628      25.0000     -inf     -nan    6    1    7   140.18
   60   2017 02 01 07:33:10.357    27190.357   1.9367      62.1104    -145.2513       0.0000     -inf     -nan   20   27   47    53.57
   61   2017 02 01 07:33:19.850    27199.850   1.4811      61.3196    -145.9745      35.0000     -inf     -nan    9    1   10   188.33
   62   2017 02 01 07:33:23.211    27203.211   1.3460      62.9695    -143.7265      25.0000     -inf     -nan   10    1   11   185.68
   63   2017 02 01 07:52:34.646    28354.646   1.3121      64.4495    -146.8178       0.0000     -inf     -nan   21   20   41   231.03
   64   2017 02 01 08:10:48.740    29448.740   1.3615      64.6076    -146.7894       5.0000     -inf     -nan    5    5   10   176.58
   65   2017 02 01 08:40:51.478    31251.478   1.3175      62.0405    -146.5661      25.0000     -inf     -nan    5    2    7   168.80
   66   2017 02 01 08:40:56.450    31256.450   0.8826      61.0238    -145.5337      30.0000     -inf     -nan    5    2    7   256.64
   67   2017 02 01 09:05:30.036    32730.036   0.6081      63.3614    -147.7431      30.0000     -inf     -nan    3    1    4   330.19
   68   2017 02 01 09:32:32.090    34352.090   1.4942      62.4601    -145.5747      25.0000     -inf     -nan    3    1    4   241.67
   69   2017 02 01 09:45:20.020    35120.020   0.1080      62.1776    -147.0933      35.0000     -inf     -nan    5    0    5   242.18
   70   2017 02 01 09:45:24.858    35124.858   0.9059      61.3238    -145.5937      25.0000     -inf     -nan    3    1    4   124.94
   71   2017 02 01 09:48:03.486    35283.486   0.3017      64.6681    -146.9024      20.0000     -inf     -nan    2    1    3   189.20
   72   2017 02 01 09:58:31.311    35911.311   1.0914      62.7712    -147.5496      20.0000     -inf     -nan    6    2    8   155.80
   73   2017 02 01 10:04:31.071    36271.071   1.7821      61.3818    -145.3943      25.0000     -inf     -nan    4    2    6   214.89
   74   2017 02 01 10:17:00.345    37020.345   1.5787      62.8791    -143.8790      30.0000     -inf     -nan    4    1    5   202.65
   75   2017 02 01 10:24:46.554    37486.554   1.3331      61.9233    -147.8658       5.0000     -inf     -nan   19   18   37   211.93
   76   2017 02 01 10:27:52.960    37672.960   1.7591      62.9057    -147.5155      20.0000     -inf     -nan   11    1   12   159.76
   77   2017 02 01 10:38:25.353    38305.353   0.8167      61.7581    -144.0741       5.0000     -inf     -nan    3    3    6   268.05
   78   2017 02 01 10:39:55.014    38395.014   0.8413      63.0238    -145.6706      35.0000     -inf     -nan   15    1   16   241.50
   79   2017 02 01 10:47:27.337    38847.337   1.4149      63.6340    -145.5880      25.0000     -inf     -nan    9    4   13   139.83
   80   2017 02 01 11:01:45.997    39705.997   1.7689      63.1814    -147.7431      20.0000     -inf     -nan   10   16   26   243.38
   81   2017 02 01 11:01:58.545    39718.545   0.7336      64.7457    -147.6149       5.0000     -inf     -nan   12    1   13   222.17
   82   2017 02 01 11:14:17.255    40457.255   0.5982      61.3940    -142.8336       0.0000     -inf     -nan    6    1    7   249.46
   83   2017 02 01 11:20:43.188    40843.188   0.5686      64.6585    -146.5928      20.0000     -inf     -nan   13    1   14   202.28
   84   2017 02 01 11:37:47.243    41867.243   0.4810      63.6887    -145.8352      20.0000     -inf     -nan    3    1    4   239.85
   85   2017 02 01 12:01:43.187    43303.187   1.5134      62.4391    -145.2664      20.0000     -inf     -nan    6    4   10    78.16
   86   2017 02 01 12:09:47.892    43787.892   0.5076      64.8985    -146.8628       0.0000     -inf     -nan   12    1   13   267.98
   87   2017 02 01 12:10:05.056    43805.056   1.1601      64.8233    -146.8627       5.0000     -inf     -nan    3   13   16   288.60
   88   2017 02 01 12:32:33.908    45153.908   1.6098      62.4601    -145.4847       0.0000     -inf     -nan    7    6   13   138.52
   89   2017 02 01 12:32:36.064    45156.064   1.6757      61.2616    -146.3518       0.0000     -inf     -nan   15   16   31   151.13
   90   2017 02 01 12:32:45.866    45165.866   1.0106      61.9199    -147.5192       5.0000     -inf     -nan    6    8   14   139.66
   91   2017 02 01 12:33:37.046    45217.046   0.2489      64.9837    -146.9411      30.0000     -inf     -nan    7    1    8   299.81
   92   2017 02 01 12:37:58.571    45478.571   1.4718      61.7876    -147.0933      25.0000     -inf     -nan   12    3   15   142.81
   93   2017 02 01 12:38:06.229    45486.229   2.3214      62.0571    -146.3446      25.0000     -inf     -nan    9    2   11    82.16
   94   2017 02 01 12:51:02.219    46262.219   1.6021      61.1138    -145.3837      15.0000     -inf     -nan    5    1    6   237.06
   95   2017 02 01 13:09:37.832    47377.832   1.2541      63.1214    -147.5331      15.0000     -inf     -nan    9    4   13   164.77
   96   2017 02 01 13:09:41.263    47381.263   1.1914      61.2833    -143.4563      35.0000     -inf     -nan   11    1   12   182.68
   97   2017 02 01 13:10:00.660    47400.660   1.9883      61.8176    -147.1533      15.0000     -inf     -nan    6    8   14   250.04
   98   2017 02 01 13:24:24.748    48264.748   1.0319      61.9981    -144.2841      35.0000     -inf     -nan   16    1   17    99.14
   99   2017 02 01 13:50:09.711    49809.711   1.1233      64.7896    -146.8936      25.0000     -inf     -nan   16    2   18   184.75
  100   2017 02 01 13:54:29.002    50069.002   1.1957      63.4787    -146.0152       0.0000     -inf     -nan    8    8   16   159.99
  101   2017 02 01 13:56:25.390    50185.390   0.9258      64.7554    -147.1790       0.0000     -inf     -nan   22   19   41   179.96
  102   2017 02 01 14:10:38.419    51038.419   0.9297      61.6324    -147.4686      25.0000     -inf     -nan   10    2   12   194.13
  103   2017 02 01 14:10:43.926    51043.926   1.6981      61.3528    -145.8523       0.0000     -inf     -nan    9    6   15   107.48
  104   2017 02 01 14:12:19.490    51139.490   1.6655      64.7554    -147.0890       0.0000     -inf     -nan   13    3   16   150.11
  105   2017 02 01 14:12:35.418    51155.418   0.4082      64.8420    -147.0857      25.0000     -inf     -nan   11   13   24   299.93
  106   2017 02 01 14:17:30.373    51450.373   1.5720      61.6528    -145.7323      20.0000     -inf     -nan    3    1    4   246.02
  107   2017 02 01 14:26:36.930    51996.930   0.9556      62.8491    -146.9125      25.0000     -inf     -nan    5    1    6   203.62
  108   2017 02 01 14:28:46.414    52126.414   1.5446      64.7340    -147.6712       0.0000     -inf     -nan   22   16   38   231.72
  109   2017 02 01 14:30:27.959    52227.959   1.0971      61.7281    -143.9841      15.0000     -inf     -nan    3    1    4   339.75
  110   2017 02 01 14:38:42.619    52722.619   1.4136      62.9957    -147.1855      10.0000     -inf     -nan    4    3    7   128.50
  111   2017 02 01 14:53:27.010    53607.010   1.6016      61.5180    -143.8676      30.0000     -inf     -nan    4    1    5   123.40
  112   2017 02 01 14:56:02.110    53762.110   0.7259      61.8966    -145.9732      10.0000     -inf     -nan    5    2    7   186.07
  113   2017 02 01 15:08:52.775    54532.775   0.3005      64.9207    -146.8465       0.0000     -inf     -nan   14    1   15   266.96
  114   2017 02 01 15:08:55.640    54535.640   0.6464      64.1665    -143.8001      35.0000     -inf     -nan   12    1   13   186.42
  115   2017 02 01 15:35:29.002    56129.002   0.4018      63.6287    -145.9852      10.0000     -inf     -nan    3    1    4   232.30
  116   2017 02 01 15:51:47.148    57107.148   0.9565      64.4495    -146.7578       0.0000     -inf     -nan   23   25   48   148.43
  117   2017 02 01 15:52:23.739    57143.739   1.3808      63.2114    -147.3531      15.0000     -inf     -nan   10    2   12   121.40
  118   2017 02 01 15:52:39.787    57159.787   1.7717      61.3838    -145.3837      20.0000     -inf     -nan   14    1   15    85.85
  119   2017 02 01 15:52:45.580    57165.580   1.9141      62.8584    -143.6790      25.0000     -inf     -nan    9    4   13   141.58
  120   2017 02 01 16:12:24.441    58344.441   0.7596      62.9370    -145.8980       0.0000     -inf     -nan   16    1   17   335.33
  121   2017 02 01 16:17:35.415    58655.415   0.7203      64.9654    -146.9390       0.0000     -inf     -nan   21    2   23   291.93
  122   2017 02 01 16:22:47.395    58967.395   1.4070      61.2833    -143.6663      25.0000     -inf     -nan    9    1   10   228.07
  123   2017 02 01 16:54:26.951    60866.951   1.9360      61.1321    -146.1363       0.0000     -inf     -nan   16    6   22   103.75
  124   2017 02 01 17:08:57.697    61737.697   0.6634      64.7283    -147.0961       0.0000     -inf     -nan   20   17   37   113.24
  125   2017 02 01 17:09:06.355    61746.355   0.9954      64.9585    -146.5928      35.0000     -inf     -nan    3    1    4   294.85
  126   2017 02 01 17:16:46.173    62206.173   0.5407      62.3101    -145.5147       0.0000     -inf     -nan    3    1    4   183.49
  127   2017 02 01 17:28:35.662    62915.662   1.6383      62.5243    -145.0275      25.0000     -inf     -nan    9    1   10   103.86
  128   2017 02 01 17:58:21.444    64701.444   1.6274      61.9974    -145.3912      10.0000     -inf     -nan   15   10   25    73.22
  129   2017 02 01 17:58:27.920    64707.920   1.4266      62.5012    -147.9396      15.0000     -inf     -nan    5    4    9   252.28
  130   2017 02 01 17:58:43.346    64723.346   1.6882      62.6932    -143.5531      10.0000     -inf     -nan    8    4   12   112.75
  131   2017 02 01 18:22:42.795    66162.795   1.6603      64.5985    -146.9828      10.0000     -inf     -nan    3    2    5   183.87
  132   2017 02 01 18:41:01.470    67261.470   1.6512      60.9938    -145.7737      30.0000     -inf     -nan    3    1    4   270.82
  133   2017 02 01 19:06:35.713    68795.713   1.2073      61.6228    -145.7923      25.0000     -inf     -nan    6    1    7   131.93
  134   2017 02 01 19:12:52.300    69172.300   1.2071      64.5657    -147.6449       5.0000     -inf     -nan   16    1   17   168.21
  135   2017 02 01 19:24:27.879    69867.879   1.1653      64.9396    -146.9236      15.0000     -inf     -nan    7    7   14   343.83
  136   2017 02 01 19:34:16.047    70456.047   1.2957      62.7712    -147.8796      10.0000     -inf     -nan    4    1    5   232.11
  137   2017 02 01 19:51:27.497    71487.497   0.1100      64.9807    -146.9365      25.0000     -inf     -nan    5    5   10   337.71
  138   2017 02 01 19:56:18.637    71778.637   0.9285      62.6958    -143.5288      25.0000     -inf     -nan    8    1    9   178.96
  139   2017 02 01 20:17:46.917    73066.917   0.5967      64.5783    -147.0361      10.0000     -inf     -nan   23   23   46   113.72
  140   2017 02 01 20:17:57.914    73077.914   0.6237      64.6381    -147.1424      25.0000     -inf     -nan    3    3    6   246.37
  141   2017 02 01 20:22:12.643    73332.643   1.7811      61.6233    -147.8658      25.0000     -inf     -nan    8    2   10   239.52
  142   2017 02 01 20:36:54.595    74214.595   1.3165      62.2710    -145.2878      10.0000     -inf     -nan    8    1    9   264.88
  143   2017 02 01 20:39:38.281    74378.281   0.9570      61.6228    -146.0623       0.0000     -inf     -nan    9    1   10   145.92
  144   2017 02 01 20:39:42.719    74382.719   1.6317      61.6080    -143.8976      30.0000     -inf     -nan    8    4   12   218.18
  145   2017 02 01 20:39:44.935    74384.935   1.3148      62.1001    -145.6047       0.0000     -inf     -nan    4    6   10    79.39
  146   2017 02 01 20:41:48.812    74508.812   1.7367      62.1301    -145.3047       0.0000     -inf     -nan    9    4   13   122.89
  147   2017 02 01 20:41:55.360    74515.360   0.9031      61.3736    -145.4252      35.0000     -inf     -nan    9    1   10   197.26
  148   2017 02 01 21:02:34.345    75754.345   1.5857      62.4412    -147.9396      10.0000     -inf     -nan    9    2   11   235.98
  149   2017 02 01 21:02:50.546    75770.546   2.1762      61.5328    -146.0923      10.0000     -inf     -nan    5    2    7   200.65
  150   2017 02 01 21:02:54.415    75774.415   1.5095      63.7187    -145.9852      25.0000     -inf     -nan    8    4   12   213.34
  151   2017 02 01 21:15:24.376    76524.376   1.3773      64.8239    -147.6714       0.0000     -inf     -nan   17    5   22   151.81
  152   2017 02 01 21:15:30.995    76530.995   0.8387      61.7281    -144.3741      35.0000     -inf     -nan   14    1   15   305.09
  153   2017 02 01 21:41:22.656    78082.656   1.7369      62.8470    -145.8680      20.0000     -inf     -nan    5    1    6   183.05
  154   2017 02 01 21:41:36.802    78096.802   0.6410      62.1991    -145.3564      10.0000     -inf     -nan    2    1    3   162.25
  155   2017 02 01 21:44:23.078    78263.078   1.1674      64.9076    -147.0594      35.0000     -inf     -nan   21    1   22   266.34
  156   2017 02 01 21:46:11.835    78371.835   0.9950      61.7281    -144.0141       0.0000     -inf     -nan    3    3    6   330.19
  157   2017 02 01 21:48:24.500    78504.500   1.2742      62.9695    -143.7265      35.0000     -inf     -nan   22    1   23    90.49
  158   2017 02 01 22:38:41.204    81521.204   0.7467      62.5524    -144.5002      20.0000     -inf     -nan    5    1    6   103.38
  159   2017 02 01 22:40:04.942    81604.942   1.0843      61.6624    -147.1386      30.0000     -inf     -nan    4    1    5   189.24
  160   2017 02 01 22:47:49.058    82069.058   1.6463      62.1001    -145.2447      10.0000     -inf     -nan   16    6   22   117.53
  161   2017 02 01 22:51:34.916    82294.916   1.8539      63.1457    -147.1855      25.0000     -inf     -nan    7    7   14   125.62
  162   2017 02 01 22:51:39.908    82299.908   1.2748      63.0238    -145.3106      30.0000     -inf     -nan    3    2    5   184.50
  163   2017 02 01 23:15:41.368    83741.368   1.9188      62.0274    -145.0312       5.0000     -inf     -nan   14   20   34    57.85
  164   2017 02 01 23:15:52.684    83752.684   0.9878      62.9995    -143.5765      35.0000     -inf     -nan   14    2   16   114.25
  165   2017 02 01 23:15:55.044    83755.044   1.0432      63.2391    -146.6425      35.0000     -inf     -nan   16    1   17   134.64
  166   2017 02 01 23:40:20.587    85220.587   1.2106      61.4965    -144.4978      15.0000     -inf     -nan    5    0    5   148.10
  167   2017 02 01 23:47:20.929    85640.929   1.2246      62.8491    -147.0325      15.0000     -inf     -nan    3    2    5   235.86
