      256   6.089876  116.601961    17.103     -499.6     1667.1    -1018.1    616.9    650.1    656.0 2019  1  9 17 25 25.160 -2.0   2
      257   6.092869  116.592415    19.411    -1556.6     1998.0     1289.4    756.5   1138.3    581.4 2019  1  9 17 30 54.640 -2.0   2
      348   6.063809  116.616911    18.092     1154.9    -1215.5      -29.6    832.9   1126.0    626.3 2019  1 12 21 44 26.520 -2.0   2
      389   6.082736  116.591683    18.572    -1637.8      877.5      450.8    644.0    853.1    418.2 2019  1 14 15 49 13.950 -2.0   2
      391   6.085449  116.602547    18.103     -435.5     1177.5      -18.3   1119.1   1180.8    814.1 2019  1 14 17 14 42.300 -2.0   2
      450   6.072880  116.615072    17.404      951.4     -212.4     -717.8    872.6   1191.3    941.0 2019  1 16  2 51 26.220 -2.0   2
      652   6.068283  116.618066    17.596     1283.1     -720.8     -525.7    657.9    749.0    594.9 2019  1 22 11 52 29.850 -2.0   2
      766   6.075444  116.627336    16.374     2308.8       71.1    -1747.3   1016.9   1417.1   1386.6 2019  1 25 10 56 53.530 -2.0   2
      851   6.051762  116.626831    19.053     2253.0    -2547.7      930.9   1043.5   1451.1   1103.0 2019  1 28 17 31  4.840 -2.0   2
      924   6.085369  116.593188    18.982    -1471.2     1168.8      860.1    731.5   1025.5    501.2 2019  1 30 22 28 39.660 -2.0   2
     1029   6.070005  116.599536    20.153     -768.4     -530.4     2031.7    689.3    410.1    479.7 2019  2  3 14 41 59.240 -2.0   2
     1137   6.069230  116.609342    18.098      316.9     -616.0      -23.8    947.0    881.3    721.5 2019  2  7  9 20 52.130 -2.0   2
     1245   6.076978  116.604476    16.015     -221.5      240.7    -2106.8    823.7   1152.9    762.9 2019  2 10 20 45 25.260 -2.0   2
     1326   6.064277  116.613916    16.784      823.7    -1163.8    -1337.7    960.7   1049.1    931.2 2019  2 14 11 12 43.370 -2.0   2
     1406   6.067228  116.617749    17.485     1247.6     -837.4     -636.7    477.1    807.8    562.4 2019  2 16 22  3 22.680 -2.0   2
     1567   6.069180  116.606348    17.872      -14.6     -621.5     -249.5    941.9    972.3    721.6 2019  2 22  5 19  2.840 -2.0   2
     1608   6.094412  116.612500    17.838      666.5     2168.7     -283.4    642.1    936.9    705.9 2019  2 23 14 37 49.670 -2.0   2
     1701   6.073892  116.610954    18.424      495.5     -100.4      302.6    859.5   1025.4    821.4 2019  2 26 20 48 59.220 -2.0   2
     1837   6.077629  116.608097    18.636      179.1      312.8      514.0   1020.8    900.8    766.2 2019  3  3  6 46 44.380 -2.0   2
     1855   6.092765  116.615096    17.862      954.0     1986.6     -259.3    598.9    880.6    598.6 2019  3  3 21 52 54.880 -2.0   2
     1936   6.068483  116.611882    18.232      597.9     -698.6      110.6    614.8    703.1    603.9 2019  3  6 21 24 33.960 -2.0   2
     2010   6.091537  116.608691    17.968      245.2     1850.8     -153.5    556.9    851.1    690.0 2019  3  8 17 43 55.160 -2.0   2
     2097   6.075739  116.610571    20.451      453.4      103.7     2329.4    635.1   1233.8    564.7 2019  3 11 12 27 19.860 -2.0   2
     2181   6.073258  116.599740    18.995     -745.6     -170.6      873.8    643.0    783.5    470.6 2019  3 14 15 47 45.970 -2.0   2
     2358   6.069981  116.596558    22.055    -1098.0     -533.0     3933.7   1015.2   1079.7    774.0 2019  3 19 15  5 14.600 -2.0   2
     2373   6.065845  116.603507    20.969     -328.4     -990.3     2847.6    608.1    693.7    617.3 2019  3 19 20 36 49.880 -2.0   2
     2830   6.094165  116.617049    18.151     1169.9     2141.4       29.4    503.3    571.8    447.2 2019  4  3  9 36 35.400 -2.0   2
     2885   6.068807  116.616838    16.691     1146.8     -662.8    -1430.3    713.4   1073.6   1161.4 2019  4  5 10 17 29.000 -2.0   2
     3008   6.054307  116.610050    18.309      395.4    -2266.4      187.9    690.3    975.8    513.2 2019  4 10  8 50 18.540 -2.0   2
     3043   6.070833  116.601229    15.045     -581.5     -438.8    -3076.3    743.4   1150.2    990.1 2019  4 11 20 32 17.240 -2.0   2
     3400   6.070292  116.592285    18.363    -1570.7     -498.6      241.3    471.1    727.4    425.9 2019  4 26 15 26  8.320 -2.0   2
     3941   6.069936  116.595776    18.590    -1184.8     -537.9      468.5    603.7    914.1    391.6 2019  5 20 22  4 21.240 -2.0   2
     3987   6.071098  116.593660    18.938    -1419.1     -409.5      816.4    587.8    905.8    461.0 2019  5 22 15 55 24.960 -2.0   2
     4388   6.091199  116.612573    19.343      674.5     1813.4     1221.1    779.5    999.1    534.9 2019  6 10  7 27 55.240 -2.0   2
     4512   6.077207  116.594287    18.210    -1349.4      266.1       88.2    463.7    590.6    486.6 2019  6 15 13 32  9.740 -2.0   2
     4520   6.091560  116.603434    17.412     -337.1     1853.4     -709.9    772.4    573.3    585.3 2019  6 15 15 23 19.500 -2.0   2
     4547   6.082989  116.602230    16.074     -470.0      905.5    -2047.2    590.6    781.8    660.8 2019  6 16 19 44 42.480 -2.0   2
     4709   6.064069  116.601717    18.713     -527.1    -1186.8      591.3   1113.1   1096.4    517.4 2019  6 25 15  8 21.260 -2.0   2
     5002   6.072879  116.594222    19.037    -1357.0     -212.6      915.8    522.7    775.6    361.6 2019  7 10  8 47 12.270 -2.0   2
     5100   6.090406  116.602295    15.418     -462.9     1725.8    -2703.2    705.9    811.8    580.3 2019  7 14 18 33 16.040 -2.0   2
     5134   6.075040  116.592725    18.301    -1522.0       26.5      179.2    792.2    695.1    499.8 2019  7 17 17 59 58.320 -2.0   2
     5162   6.081626  116.609448    16.310      328.8      754.8    -1811.9    858.6   1010.2    629.7 2019  7 18 19 18 32.160 -2.0   2
     5202   6.067551  116.606169    20.870      -34.1     -801.7     2748.2    619.9    843.3    872.0 2019  7 20 14  4 51.840 -2.0   2
     5327   6.066224  116.609147    21.097      295.6     -948.4     2975.6    979.8   1564.9    834.1 2019  7 24 18 58 35.840 -2.0   2
     5741   6.073861  116.600260    16.829     -688.6     -103.9    -1292.2    828.5    650.1    729.2 2019  8 14  3 56 33.280 -2.0   2
     6079   6.060693  116.619759    17.971     1470.5    -1560.1     -150.7   1008.7   1202.3    865.2 2019 10  7 19 17  5.060 -2.0   2
     6089   6.062534  116.622038    16.976     1722.5    -1356.5    -1146.1    923.3    905.4    597.1 2019 10 11 10 14 43.620 -2.0   2
     6135   6.074503  116.615161    18.635      961.5      -32.9      513.7   1090.6   1166.8    943.5 2019 10 15 14 25 42.500 -2.0   2
     6738   6.064788  116.615259    16.091      972.3    -1107.3    -2030.8    705.6    878.0    917.7 2019 11 17 16  4 56.790 -2.0   2
     7310   6.075919  116.598682    15.326     -863.3      123.6    -2795.2    454.9    778.7    689.7 2019 12 15 23 27 30.920 -2.0   2
     7317   6.070711  116.593132    18.966    -1477.3     -452.3      844.1    367.1    773.7    486.7 2019 12 16  4 30 52.420 -2.0   2
