      256   6.089866  116.601213    17.043     -582.8     1666.0    -1079.0    837.7    896.8    891.4 2019  1  9 17 25 25.160 -2.0   2
      257   6.092965  116.591553    19.340    -1652.5     2008.7     1218.3   1038.7   1469.5    736.3 2019  1  9 17 30 54.640 -2.0   2
      348   6.061555  116.618066    18.091     1282.8    -1464.8      -30.7   1061.7   1486.7    874.4 2019  1 12 21 44 26.520 -2.0   2
      389   6.083418  116.591870    18.523    -1617.2      953.0      401.3    852.1   1025.4    596.1 2019  1 14 15 49 13.950 -2.0   2
      391   6.084626  116.605501    18.158     -107.8     1086.6       36.9   1450.0   1497.7   1018.6 2019  1 14 17 14 42.300 -2.0   2
      450   6.070639  116.616300    17.598     1087.6     -460.2     -523.6   1253.4   1562.3   1220.8 2019  1 16  2 51 26.220 -2.0   2
      652   6.067182  116.619108    17.597     1398.0     -842.5     -524.9    846.0    990.5    883.4 2019  1 22 11 52 29.850 -2.0   2
      766   6.074557  116.625838    16.438     2143.4      -27.0    -1683.3   1413.3   1883.1   1917.4 2019  1 25 10 56 53.530 -2.0   2
      851   6.054987  116.624154    18.967     1957.0    -2191.1      845.7   1454.1   1876.1   1569.1 2019  1 28 17 31  4.840 -2.0   2
      924   6.085389  116.593807    18.987    -1402.5     1170.9      865.2   1067.8   1300.8    735.8 2019  1 30 22 28 39.660 -2.0   2
     1029   6.070110  116.600456    20.116     -666.7     -518.8     1994.4    865.0    525.7    686.2 2019  2  3 14 41 59.240 -2.0   2
     1137   6.069774  116.606584    18.098       11.5     -555.9      -23.6   1306.1   1221.6    913.6 2019  2  7  9 20 52.130 -2.0   2
     1245   6.078900  116.605420    15.948     -117.0      453.3    -2173.8   1096.8   1468.2   1061.7 2019  2 10 20 45 25.260 -2.0   2
     1326   6.063825  116.612077    16.874      619.5    -1213.7    -1247.6   1246.9   1474.1   1252.4 2019  2 14 11 12 43.370 -2.0   2
     1406   6.067214  116.617692    17.496     1241.8     -838.9     -626.0    636.0   1028.9    775.5 2019  2 16 22  3 22.680 -2.0   2
     1567   6.067176  116.607039    17.883       62.0     -843.2     -238.7   1286.7   1324.7    975.6 2019  2 22  5 19  2.840 -2.0   2
     1608   6.095495  116.611629    17.873      570.3     2288.5     -248.5    881.2   1123.1    958.6 2019  2 23 14 37 49.670 -2.0   2
     1701   6.075857  116.608960    18.275      274.4      116.8      153.4   1113.4   1352.1   1013.4 2019  2 26 20 48 59.220 -2.0   2
     1837   6.078797  116.604590    18.615     -208.6      442.0      493.7   1433.2   1111.9   1001.3 2019  3  3  6 46 44.380 -2.0   2
     1855   6.093990  116.614136    17.824      847.3     2122.1     -297.2    739.3   1081.2    819.7 2019  3  3 21 52 54.880 -2.0   2
     1936   6.069405  116.612557    18.146      673.3     -596.7       24.6    859.4    977.6    836.5 2019  3  6 21 24 33.960 -2.0   2
     2010   6.089909  116.609220    17.985      304.0     1670.8     -136.7    787.5   1154.0    940.4 2019  3  8 17 43 55.160 -2.0   2
     2097   6.072375  116.609806    20.423      368.7     -268.2     2301.1    737.7   1599.0    829.3 2019  3 11 12 27 19.860 -2.0   2
     2181   6.074967  116.598665    18.997     -864.4       18.4      875.0    888.2   1046.5    606.7 2019  3 14 15 47 45.970 -2.0   2
     2358   6.069677  116.596517    22.032    -1103.0     -566.6     3909.9   1279.1   1210.3    996.3 2019  3 19 15  5 14.600 -2.0   2
     2373   6.064670  116.603011    21.055     -383.4    -1120.3     2933.7    789.2    777.2    819.8 2019  3 19 20 36 49.880 -2.0   2
     2830   6.093508  116.616992    18.183     1163.6     2068.8       61.8    632.0    684.6    751.3 2019  4  3  9 36 35.400 -2.0   2
     2885   6.070093  116.617440    16.571     1213.8     -520.6    -1551.0   1011.1   1521.1   1614.4 2019  4  5 10 17 29.000 -2.0   2
     3008   6.056327  116.610547    18.236      450.5    -2042.9      114.7    865.5   1329.3    676.6 2019  4 10  8 50 18.540 -2.0   2
     3043   6.068384  116.601554    15.270     -545.0     -709.5    -2851.7    989.7   1536.4   1358.1 2019  4 11 20 32 17.240 -2.0   2
     3400   6.069535  116.592122    18.392    -1588.9     -582.3      270.4    607.6    972.1    625.9 2019  4 26 15 26  8.320 -2.0   2
     3941   6.067011  116.596956    18.596    -1054.1     -861.4      474.6    828.7   1260.3    597.3 2019  5 20 22  4 21.240 -2.0   2
     3987   6.071646  116.593799    18.983    -1403.5     -348.8      860.9    819.1   1222.2    638.3 2019  5 22 15 55 24.960 -2.0   2
     4388   6.092945  116.613265    19.250      751.0     2006.5     1128.2   1084.1   1308.1    912.3 2019  6 10  7 27 55.240 -2.0   2
     4512   6.076712  116.594629    18.202    -1311.4      211.3       80.3    660.4    803.6    656.9 2019  6 15 13 32  9.740 -2.0   2
     4520   6.092096  116.603768    17.342     -299.7     1912.7     -780.0   1032.9    819.4    823.4 2019  6 15 15 23 19.500 -2.0   2
     4547   6.082116  116.602889    16.088     -396.9      809.0    -2033.1    841.7   1058.0    914.7 2019  6 16 19 44 42.480 -2.0   2
     4709   6.066715  116.604891    18.703     -175.5     -894.1      581.1   1523.0   1414.7    706.6 2019  6 25 15  8 21.260 -2.0   2
     5002   6.072097  116.594076    19.080    -1372.7     -299.0      958.8    666.2   1016.9    481.2 2019  7 10  8 47 12.270 -2.0   2
     5100   6.091825  116.602214    15.399     -472.3     1882.6    -2722.2    894.4   1150.5    797.6 2019  7 14 18 33 16.040 -2.0   2
     5134   6.075211  116.594743    18.299    -1298.6       45.4      177.0   1138.5   1023.9    657.2 2019  7 17 17 59 58.320 -2.0   2
     5162   6.079707  116.607837    16.370      150.2      542.6    -1751.3   1104.5   1325.7    831.8 2019  7 18 19 18 32.160 -2.0   2
     5202   6.067477  116.606771    20.945       32.2     -809.9     2823.3    877.2    962.8   1246.7 2019  7 20 14  4 51.840 -2.0   2
     5327   6.071531  116.607511    20.974      114.1     -361.6     2852.3   1226.6   1903.7   1146.9 2019  7 24 18 58 35.840 -2.0   2
     5741   6.073524  116.601326    16.751     -570.3     -141.1    -1370.7   1041.5    898.8    984.2 2019  8 14  3 56 33.280 -2.0   2
     6079   6.063053  116.616943    18.000     1158.2    -1299.1     -121.5   1395.3   1645.9   1148.1 2019 10  7 19 17  5.060 -2.0   2
     6089   6.065550  116.621891    16.927     1706.6    -1023.0    -1194.9   1225.4   1258.8    827.1 2019 10 11 10 14 43.620 -2.0   2
     6135   6.070485  116.615983    18.733     1052.6     -477.3      611.7   1462.8   1595.0   1264.1 2019 10 15 14 25 42.500 -2.0   2
     6738   6.062728  116.615544    16.156     1003.3    -1335.1    -1965.9    981.3   1241.2   1239.4 2019 11 17 16  4 56.790 -2.0   2
     7310   6.077147  116.598185    15.374     -917.8      259.5    -2747.2    654.7   1013.3   1004.1 2019 12 15 23 27 30.920 -2.0   2
     7317   6.069915  116.593205    18.992    -1469.2     -540.3      870.9    554.3   1026.9    619.3 2019 12 16  4 30 52.420 -2.0   2
