      256   6.089733  116.601904    17.107     -506.7     1651.3    -1015.0    355.7    474.6    392.6 2019  1  9 17 25 25.160 -2.0   2
      257   6.091251  116.592017    19.459    -1600.7     1819.2     1337.8    585.9   1018.2    449.7 2019  1  9 17 30 54.640 -2.0   2
      348   6.065532  116.616211    18.113     1077.5    -1025.0       -8.9    519.2    627.3    409.8 2019  1 12 21 44 26.520 -2.0   2
      389   6.081226  116.591756    18.645    -1629.6      710.5      523.3    403.8    714.4    248.3 2019  1 14 15 49 13.950 -2.0   2
      391   6.086214  116.598983    18.119     -829.8     1262.2       -2.8    593.8    671.8    503.8 2019  1 14 17 14 42.300 -2.0   2
      450   6.076233  116.614233    17.249      858.9      158.5     -872.4    520.9    807.4    697.4 2019  1 16  2 51 26.220 -2.0   2
      652   6.070161  116.616113    17.620     1066.5     -513.1     -501.8    452.3    601.8    370.0 2019  1 22 11 52 29.850 -2.0   2
      766   6.074972  116.629858    16.429     2588.3       18.9    -1692.2    623.8    835.9    773.3 2019  1 25 10 56 53.530 -2.0   2
      851   6.048855  116.629565    19.028     2555.7    -2869.3      906.3    629.5    820.0    732.0 2019  1 28 17 31  4.840 -2.0   2
      924   6.083342  116.593229    19.035    -1466.4      944.6      913.8    407.3    876.5    304.7 2019  1 30 22 28 39.660 -2.0   2
     1029   6.070081  116.597331    20.198    -1012.7     -522.0     2076.9    545.5    596.1    372.7 2019  2  3 14 41 59.240 -2.0   2
     1137   6.068408  116.612191    18.102      632.0     -706.9      -19.7    574.7    662.1    469.9 2019  2  7  9 20 52.130 -2.0   2
     1245   6.075677  116.601807    15.986     -517.5       96.9    -2135.6    509.8    661.6    427.2 2019  2 10 20 45 25.260 -2.0   2
     1326   6.066615  116.616146    16.607     1069.9     -905.2    -1514.3    562.2    646.4    506.0 2019  2 14 11 12 43.370 -2.0   2
     1406   6.067261  116.618132    17.464     1289.9     -833.8     -657.3    358.2    540.0    387.3 2019  2 16 22  3 22.680 -2.0   2
     1567   6.071015  116.606348    17.925      -14.1     -418.6     -197.0    540.8    595.0    461.2 2019  2 22  5 19  2.840 -2.0   2
     1608   6.093517  116.613818    17.877      813.0     2069.7     -244.5    356.8    601.2    444.7 2019  2 23 14 37 49.670 -2.0   2
     1701   6.069934  116.612915    18.570      712.7     -538.2      448.5    470.8    700.9    500.9 2019  2 26 20 48 59.220 -2.0   2
     1837   6.074984  116.611930    18.650      603.5       20.3      528.1    578.0    662.2    465.7 2019  3  3  6 46 44.380 -2.0   2
     1855   6.091308  116.616943    17.883     1158.5     1825.5     -238.5    405.8    601.5    359.4 2019  3  3 21 52 54.880 -2.0   2
     1936   6.067338  116.610954    18.298      495.7     -825.3      176.8    358.6    413.3    383.8 2019  3  6 21 24 33.960 -2.0   2
     2010   6.093348  116.609098    17.997      290.3     2051.0     -124.3    398.2    516.6    351.5 2019  3  8 17 43 55.160 -2.0   2
     2097   6.078225  116.611906    20.448      600.8      378.6     2326.1    532.3    712.0    326.1 2019  3 11 12 27 19.860 -2.0   2
     2181   6.070420  116.601595    19.026     -540.7     -484.5      904.1    476.3    543.4    297.1 2019  3 14 15 47 45.970 -2.0   2
     2358   6.070439  116.596965    21.982    -1052.7     -482.4     3860.0    717.9    895.4    458.7 2019  3 19 15  5 14.600 -2.0   2
     2373   6.069113  116.604256    20.885     -245.8     -629.0     2763.8    421.2    575.4    373.6 2019  3 19 20 36 49.880 -2.0   2
     2830   6.095293  116.617155    18.124     1182.2     2266.2        2.2    442.4    528.1    339.9 2019  4  3  9 36 35.400 -2.0   2
     2885   6.066637  116.616317    16.777     1089.4     -902.8    -1344.7    462.0    651.4    626.4 2019  4  5 10 17 29.000 -2.0   2
     3008   6.051466  116.609465    18.400      330.6    -2580.4      278.8    443.9    669.6    470.2 2019  4 10  8 50 18.540 -2.0   2
     3043   6.074488  116.601221    14.932     -582.0      -34.6    -3189.6    465.8    750.0    605.5 2019  4 11 20 32 17.240 -2.0   2
     3400   6.070744  116.592041    18.304    -1598.3     -448.6      182.8    309.9    476.2    259.7 2019  4 26 15 26  8.320 -2.0   2
     3941   6.073721  116.594466    18.588    -1330.0     -119.4      466.1    315.0    541.7    191.3 2019  5 20 22  4 21.240 -2.0   2
     3987   6.071109  116.593107    18.863    -1479.9     -408.2      741.4    346.5    559.7    294.9 2019  5 22 15 55 24.960 -2.0   2
     4388   6.086946  116.611995    19.424      611.0     1343.0     1302.8    612.4    699.6    453.1 2019  6 10  7 27 55.240 -2.0   2
     4512   6.077749  116.593669    18.233    -1418.1      326.1      111.7    276.1    402.0    321.6 2019  6 15 13 32  9.740 -2.0   2
     4520   6.091127  116.601978    17.459     -498.5     1805.4     -662.9    483.1    380.4    345.2 2019  6 15 15 23 19.500 -2.0   2
     4547   6.083593  116.600944    16.074     -612.3      972.3    -2047.6    418.3    482.6    398.8 2019  6 16 19 44 42.480 -2.0   2
     4709   6.060314  116.596899    18.727    -1060.0    -1602.0      605.9    686.7    676.6    343.8 2019  6 25 15  8 21.260 -2.0   2
     5002   6.074586  116.594759    18.978    -1296.8      -23.7      856.6    304.3    523.7    256.8 2019  7 10  8 47 12.270 -2.0   2
     5100   6.088002  116.602922    15.474     -394.1     1459.9    -2648.0    534.1    543.0    407.8 2019  7 14 18 33 16.040 -2.0   2
     5134   6.075828  116.591341    18.310    -1676.1      113.6      188.8    349.6    418.0    298.1 2019  7 17 17 59 58.320 -2.0   2
     5162   6.083844  116.612459    16.233      661.8     1000.0    -1888.3    542.0    570.6    396.8 2019  7 18 19 18 32.160 -2.0   2
     5202   6.067752  116.606470    20.910       -1.0     -779.5     2787.9    397.7    457.2    368.2 2019  7 20 14  4 51.840 -2.0   2
     5327   6.056602  116.610099    21.137      400.8    -2012.5     3015.6    560.3    924.5    447.6 2019  7 24 18 58 35.840 -2.0   2
     5741   6.074654  116.599154    16.848     -811.0      -16.2    -1274.0    528.3    409.6    530.5 2019  8 14  3 56 33.280 -2.0   2
     6079   6.058649  116.622640    17.869     1789.4    -1786.1     -252.9    573.2    707.1    544.4 2019 10  7 19 17  5.060 -2.0   2
     6089   6.059285  116.621362    17.030     1647.6    -1715.8    -1091.6    535.7    498.1    430.8 2019 10 11 10 14 43.620 -2.0   2
     6135   6.079040  116.615812    18.632     1033.2      468.7      510.8    647.8    688.8    574.1 2019 10 15 14 25 42.500 -2.0   2
     6738   6.066324  116.615576    16.069     1006.8     -937.3    -2052.9    335.5    442.0    471.5 2019 11 17 16  4 56.790 -2.0   2
     7310   6.074648  116.599365    15.286     -787.0      -16.9    -2835.8    372.5    464.7    394.6 2019 12 15 23 27 30.920 -2.0   2
     7317   6.072926  116.592668    18.887    -1528.9     -207.2      765.5    242.6    487.6    314.1 2019 12 16  4 30 52.420 -2.0   2
