      256   6.089815  116.602083    17.110     -486.2     1660.4    -1011.6    516.7    640.9    612.9 2019  1  9 17 25 25.160 -2.0   2
      257   6.092500  116.592310    19.431    -1568.6     1957.3     1309.8    828.7   1401.5    573.6 2019  1  9 17 30 54.640 -2.0   2
      348   6.064590  116.616610    18.098     1121.6    -1129.2      -23.3    810.4    903.1    618.7 2019  1 12 21 44 26.520 -2.0   2
      389   6.082335  116.591675    18.596    -1638.3      833.2      474.7    550.0    952.7    341.7 2019  1 14 15 49 13.950 -2.0   2
      391   6.085813  116.601310    18.099     -572.4     1217.8      -22.6    862.3    963.6    674.6 2019  1 14 17 14 42.300 -2.0   2
      450   6.073812  116.614771    17.334      917.6     -109.3     -787.8    698.5   1040.7    890.8 2019  1 16  2 51 26.220 -2.0   2
      652   6.068952  116.617399    17.604     1208.6     -646.7     -517.1    643.8    834.3    605.4 2019  1 22 11 52 29.850 -2.0   2
      766   6.075594  116.628141    16.381     2397.7       87.7    -1740.9    869.2   1152.1   1083.9 2019  1 25 10 56 53.530 -2.0   2
      851   6.050384  116.627816    19.062     2362.2    -2700.2      940.7   1015.8   1234.5    947.6 2019  1 28 17 31  4.840 -2.0   2
      924   6.084932  116.593148    18.994    -1475.5     1120.4      872.9    568.4   1182.8    399.2 2019  1 30 22 28 39.660 -2.0   2
     1029   6.070004  116.598991    20.168     -829.1     -530.4     2046.0    644.4    550.1    400.2 2019  2  3 14 41 59.240 -2.0   2
     1137   6.068930  116.610400    18.098      434.1     -649.2      -23.7    865.8    990.0    662.5 2019  2  7  9 20 52.130 -2.0   2
     1245   6.076411  116.603670    16.011     -310.7      178.1    -2110.4    630.2    945.9    560.9 2019  2 10 20 45 25.260 -2.0   2
     1326   6.064881  116.614648    16.731      904.1    -1097.0    -1390.9    805.7    875.2    745.0 2019  2 14 11 12 43.370 -2.0   2
     1406   6.067172  116.617863    17.476     1259.9     -843.6     -645.8    519.0    706.7    551.1 2019  2 16 22  3 22.680 -2.0   2
     1567   6.069971  116.606283    17.880      -21.4     -534.1     -241.6    768.0    919.5    621.7 2019  2 22  5 19  2.840 -2.0   2
     1608   6.094035  116.612939    17.842      715.6     2127.0     -279.4    515.8    826.4    599.4 2019  2 23 14 37 49.670 -2.0   2
     1701   6.072780  116.611694    18.483      577.3     -223.4      361.5    680.6    955.4    761.3 2019  2 26 20 48 59.220 -2.0   2
     1837   6.076835  116.609456    18.642      329.9      224.9      520.2    811.3    877.1    625.4 2019  3  3  6 46 44.380 -2.0   2
     1855   6.092224  116.615706    17.870     1021.2     1926.7     -251.2    646.4    781.8    532.4 2019  3  3 21 52 54.880 -2.0   2
     1936   6.068112  116.611564    18.257      563.2     -739.7      135.5    492.3    591.8    528.1 2019  3  6 21 24 33.960 -2.0   2
     2010   6.092198  116.608700    17.974      245.7     1923.9     -147.6    596.3    691.8    554.6 2019  3  8 17 43 55.160 -2.0   2
     2097   6.076770  116.610954    20.454      495.8      217.8     2332.8    774.4   1054.3    578.3 2019  3 11 12 27 19.860 -2.0   2
     2181   6.072343  116.600317    19.001     -682.4     -271.8      879.6    601.7    697.9    445.9 2019  3 14 15 47 45.970 -2.0   2
     2358   6.070015  116.596672    22.042    -1085.5     -529.2     3920.2    931.2   1124.6    735.7 2019  3 19 15  5 14.600 -2.0   2
     2373   6.066847  116.603670    20.936     -311.1     -879.6     2814.4    690.0    690.6    576.2 2019  3 19 20 36 49.880 -2.0   2
     2830   6.094553  116.617049    18.139     1169.9     2184.3       17.1    535.9    634.3    393.0 2019  4  3  9 36 35.400 -2.0   2
     2885   6.068136  116.616634    16.729     1124.5     -737.1    -1392.1    624.8    884.5    912.8 2019  4  5 10 17 29.000 -2.0   2
     3008   6.053284  116.609839    18.342      371.7    -2379.4      220.9    590.0    875.0    553.0 2019  4 10  8 50 18.540 -2.0   2
     3043   6.071923  116.601050    14.992     -600.5     -318.2    -3129.8    553.2    990.9    770.8 2019  4 11 20 32 17.240 -2.0   2
     3400   6.070431  116.592253    18.344    -1574.3     -483.2      222.4    404.1    633.6    359.0 2019  4 26 15 26  8.320 -2.0   2
     3941   6.071198  116.595288    18.594    -1238.9     -398.4      472.3    484.5    749.4    333.5 2019  5 20 22  4 21.240 -2.0   2
     3987   6.070984  116.593498    18.914    -1436.8     -422.0      792.9    509.7    763.7    397.2 2019  5 22 15 55 24.960 -2.0   2
     4388   6.089856  116.612378    19.373      652.8     1664.9     1251.8    773.5   1011.8    622.4 2019  6 10  7 27 55.240 -2.0   2
     4512   6.077411  116.594092    18.216    -1370.7      288.7       94.2    431.3    548.7    419.6 2019  6 15 13 32  9.740 -2.0   2
     4520   6.091433  116.603011    17.431     -383.4     1839.3     -690.9    688.5    455.5    456.5 2019  6 15 15 23 19.500 -2.0   2
     4547   6.083218  116.601831    16.075     -514.6      930.8    -2046.4    543.4    647.3    554.0 2019  6 16 19 44 42.480 -2.0   2
     4709   6.062922  116.600098    18.716     -706.3    -1313.6      594.5    946.2    944.1    527.7 2019  6 25 15  8 21.260 -2.0   2
     5002   6.073337  116.594377    19.018    -1339.3     -161.9      895.9    434.1    666.9    321.5 2019  7 10  8 47 12.270 -2.0   2
     5100   6.089719  116.602441    15.434     -446.4     1649.8    -2687.4    640.5    676.0    522.9 2019  7 14 18 33 16.040 -2.0   2
     5134   6.075160  116.592147    18.303    -1586.6       39.7      181.1    544.0    640.8    438.8 2019  7 17 17 59 58.320 -2.0   2
     5162   6.082412  116.610465    16.286      441.2      841.7    -1835.5    745.0    864.5    511.2 2019  7 18 19 18 32.160 -2.0   2
     5202   6.067650  116.606193    20.871      -31.6     -790.7     2749.4    630.2    731.5    677.9 2019  7 20 14  4 51.840 -2.0   2
     5327   6.062816  116.609652    21.125      351.8    -1325.4     3003.2    896.3   1364.2    624.9 2019  7 24 18 58 35.840 -2.0   2
     5741   6.074114  116.599854    16.846     -733.0      -75.9    -1275.4    675.0    592.2    670.6 2019  8 14  3 56 33.280 -2.0   2
     6079   6.059918  116.620817    17.947     1587.2    -1645.8     -174.9    838.5    973.9    739.2 2019 10  7 19 17  5.060 -2.0   2
     6089   6.061343  116.621916    16.993     1708.9    -1488.2    -1128.5    762.4    734.3    569.8 2019 10 11 10 14 43.620 -2.0   2
     6135   6.076128  116.615243    18.621      970.2      146.8      499.7    875.6    945.4    791.5 2019 10 15 14 25 42.500 -2.0   2
     6738   6.065475  116.615299    16.078      977.0    -1031.3    -2043.7    528.7    702.0    720.9 2019 11 17 16  4 56.790 -2.0   2
     7310   6.075392  116.598950    15.311     -833.0       65.4    -2810.2    585.8    651.2    531.3 2019 12 15 23 27 30.920 -2.0   2
     7317   6.071411  116.593009    18.945    -1490.5     -374.9      823.5    345.6    676.7    446.6 2019 12 16  4 30 52.420 -2.0   2
