      256   6.089891  116.601530    17.072     -547.5     1668.8    -1050.1    739.2    789.0    784.3 2019  1  9 17 25 25.160 -2.0   2
      257   6.093009  116.591943    19.370    -1609.1     2013.7     1248.5    892.9   1304.7    665.5 2019  1  9 17 30 54.640 -2.0   2
      348   6.062444  116.617578    18.088     1228.9    -1366.5      -33.7    944.3   1333.3    767.4 2019  1 12 21 44 26.520 -2.0   2
      389   6.083171  116.591781    18.542    -1627.2      925.6      420.4    761.0    943.5    517.2 2019  1 14 15 49 13.950 -2.0   2
      391   6.084929  116.604386    18.131     -231.2     1120.1        9.2   1309.0   1360.4    922.1 2019  1 14 17 14 42.300 -2.0   2
      450   6.071432  116.615771    17.518     1029.2     -372.5     -603.7   1090.0   1391.9   1093.0 2019  1 16  2 51 26.220 -2.0   2
      652   6.067592  116.618742    17.595     1357.6     -797.2     -526.7    760.5    875.0    760.0 2019  1 22 11 52 29.850 -2.0   2
      766   6.074900  116.626375    16.402     2202.3       11.0    -1719.3   1244.7   1680.3   1690.1 2019  1 25 10 56 53.530 -2.0   2
      851   6.053791  116.625236    19.011     2076.8    -2323.3      889.8   1268.1   1688.1   1371.6 2019  1 28 17 31  4.840 -2.0   2
      924   6.085426  116.593530    18.981    -1433.7     1175.0      859.3    924.6   1174.9    636.2 2019  1 30 22 28 39.660 -2.0   2
     1029   6.070049  116.600130    20.130     -702.7     -525.5     2008.3    788.3    459.8    589.0 2019  2  3 14 41 59.240 -2.0   2
     1137   6.069581  116.607658    18.097      130.2     -577.2      -24.2   1150.3   1068.0    828.6 2019  2  7  9 20 52.130 -2.0   2
     1245   6.078245  116.605119    15.980     -150.1      380.8    -2141.5    990.1   1346.0    936.4 2019  2 10 20 45 25.260 -2.0   2
     1326   6.063921  116.612793    16.844      699.4    -1203.1    -1277.3   1122.8   1293.7   1113.8 2019  2 14 11 12 43.370 -2.0   2
     1406   6.067224  116.617708    17.492     1242.9     -837.9     -630.0    563.4    934.4    682.8 2019  2 16 22  3 22.680 -2.0   2
     1567   6.067978  116.606714    17.874       26.4     -754.5     -247.7   1131.5   1177.8    868.5 2019  2 22  5 19  2.840 -2.0   2
     1608   6.095074  116.611938    17.855      604.9     2241.9     -266.1    776.1   1042.3    847.1 2019  2 23 14 37 49.670 -2.0   2
     1701   6.075201  116.609668    18.336      352.9       44.3      213.9   1002.8   1213.5    929.8 2019  2 26 20 48 59.220 -2.0   2
     1837   6.078402  116.605949    18.625      -58.8      398.2      503.9   1255.4   1015.6    898.0 2019  3  3  6 46 44.380 -2.0   2
     1855   6.093531  116.614502    17.842      888.2     2071.4     -280.0    677.1    992.8    721.1 2019  3  3 21 52 54.880 -2.0   2
     1936   6.069091  116.612321    18.182      647.0     -631.4       60.2    760.0    862.5    735.7 2019  3  6 21 24 33.960 -2.0   2
     2010   6.090525  116.609009    17.975      279.9     1738.9     -146.1    680.4   1020.3    836.8 2019  3  8 17 43 55.160 -2.0   2
     2097   6.073608  116.610083    20.438      399.1     -131.8     2316.0    672.6   1439.1    708.1 2019  3 11 12 27 19.860 -2.0   2
     2181   6.074326  116.599080    18.995     -819.2      -52.5      873.3    781.6    928.0    547.8 2019  3 14 15 47 45.970 -2.0   2
     2358   6.069804  116.596525    22.048    -1102.0     -552.6     3926.5   1156.0   1127.5    893.5 2019  3 19 15  5 14.600 -2.0   2
     2373   6.065046  116.603198    21.020     -362.7    -1078.7     2898.7    700.0    723.5    721.3 2019  3 19 20 36 49.880 -2.0   2
     2830   6.093730  116.617000    18.170     1164.6     2093.3       48.7    571.2    616.4    620.2 2019  4  3  9 36 35.400 -2.0   2
     2885   6.069657  116.617212    16.623     1188.6     -568.8    -1499.0    886.8   1331.8   1419.8 2019  4  5 10 17 29.000 -2.0   2
     3008   6.055632  116.610343    18.266      428.2    -2119.8      143.9    806.5   1182.6    600.4 2019  4 10  8 50 18.540 -2.0   2
     3043   6.069211  116.601392    15.172     -563.4     -618.1    -2949.5    912.5   1404.0   1199.5 2019  4 11 20 32 17.240 -2.0   2
     3400   6.069822  116.592204    18.383    -1579.8     -550.5      261.2    547.4    862.1    538.7 2019  4 26 15 26  8.320 -2.0   2
     3941   6.068127  116.596493    18.594    -1105.1     -738.0      472.0    730.8   1109.4    510.5 2019  5 20 22  4 21.240 -2.0   2
     3987   6.071391  116.593766    18.966    -1406.9     -377.1      844.8    721.8   1084.5    560.8 2019  5 22 15 55 24.960 -2.0   2
     4388   6.092362  116.613021    19.288      724.3     1942.0     1166.5    954.6   1158.6    749.0 2019  6 10  7 27 55.240 -2.0   2
     4512   6.076896  116.594491    18.204    -1326.7      231.7       82.7    580.3    706.6    582.8 2019  6 15 13 32  9.740 -2.0   2
     4520   6.091904  116.603687    17.372     -308.6     1891.4     -749.4    923.4    710.5    716.0 2019  6 15 15 23 19.500 -2.0   2
     4547   6.082464  116.602637    16.081     -425.4      847.4    -2040.2    731.2    936.9    805.9 2019  6 16 19 44 42.480 -2.0   2
     4709   6.065744  116.603719    18.706     -305.5    -1001.5      584.2   1342.1   1278.9    625.9 2019  6 25 15  8 21.260 -2.0   2
     5002   6.072371  116.594132    19.064    -1366.2     -268.7      942.2    609.5    908.2    425.7 2019  7 10  8 47 12.270 -2.0   2
     5100   6.091275  116.602230    15.403     -470.0     1821.8    -2718.3    805.9   1004.5    705.2 2019  7 14 18 33 16.040 -2.0   2
     5134   6.075138  116.593953    18.298    -1386.5       37.3      176.8    991.1    885.7    589.3 2019  7 17 17 59 58.320 -2.0   2
     5162   6.080385  116.608415    16.346      214.5      617.5    -1775.1    996.4   1187.4    745.1 2019  7 18 19 18 32.160 -2.0   2
     5202   6.067485  116.606478    20.908       -0.1     -809.1     2786.3    763.9    908.0   1088.4 2019  7 20 14  4 51.840 -2.0   2
     5327   6.069810  116.608171    21.028      187.7     -551.9     2906.5   1109.9   1743.5   1013.6 2019  7 24 18 58 35.840 -2.0   2
     5741   6.073675  116.600952    16.787     -611.8     -124.4    -1334.6    955.0    795.8    872.0 2019  8 14  3 56 33.280 -2.0   2
     6079   6.062072  116.618083    17.994     1285.1    -1407.6     -127.4   1220.7   1454.0   1027.7 2019 10  7 19 17  5.060 -2.0   2
     6089   6.064354  116.622005    16.947     1718.5    -1155.2    -1174.5   1095.9   1104.2    725.0 2019 10 11 10 14 43.620 -2.0   2
     6135   6.072051  116.615544    18.687     1003.6     -304.1      565.1   1313.4   1417.7   1126.8 2019 10 15 14 25 42.500 -2.0   2
     6738   6.063563  116.615381    16.125      985.6    -1242.7    -1996.1    862.4   1087.0   1103.2 2019 11 17 16  4 56.790 -2.0   2
     7310   6.076668  116.598364    15.354     -897.9      206.5    -2767.2    570.9    916.7    871.4 2019 12 15 23 27 30.920 -2.0   2
     7317   6.070159  116.593188    18.984    -1470.8     -513.2      862.5    475.3    914.1    559.8 2019 12 16  4 30 52.420 -2.0   2
