      256   6.089753  116.602018    17.109     -493.9     1653.5    -1012.1    395.0    516.3    491.5 2019  1  9 17 25 25.160 -2.0   2
      257   6.091682  116.592090    19.453    -1592.5     1866.9     1331.7    634.7   1161.0    485.4 2019  1  9 17 30 54.640 -2.0   2
      348   6.065357  116.616300    18.109     1087.0    -1044.4      -12.6    605.9    683.4    490.6 2019  1 12 21 44 26.520 -2.0   2
      389   6.081579  116.591715    18.631    -1634.2      749.5      509.8    438.2    798.7    268.6 2019  1 14 15 49 13.950 -2.0   2
      391   6.086161  116.599569    18.109     -764.6     1256.3      -12.7    664.1    744.2    561.2 2019  1 14 17 14 42.300 -2.0   2
      450   6.075454  116.614372    17.263      874.2       72.2     -858.4    546.4    855.4    746.4 2019  1 16  2 51 26.220 -2.0   2
      652   6.069892  116.616439    17.616     1102.6     -542.8     -505.7    493.3    678.0    496.7 2019  1 22 11 52 29.850 -2.0   2
      766   6.075303  116.629378    16.412     2535.4       55.5    -1709.7    719.6    910.8    850.2 2019  1 25 10 56 53.530 -2.0   2
      851   6.049104  116.629102    19.046     2504.7    -2841.7      924.4    835.7    982.8    784.5 2019  1 28 17 31  4.840 -2.0   2
      924   6.083893  116.593188    19.022    -1470.8     1005.5      900.7    444.6   1001.9    325.2 2019  1 30 22 28 39.660 -2.0   2
     1029   6.070069  116.597892    20.189     -950.0     -523.2     2067.3    560.6    598.3    391.5 2019  2  3 14 41 59.240 -2.0   2
     1137   6.068538  116.611751    18.101      584.1     -692.5      -20.8    682.2    763.9    519.5 2019  2  7  9 20 52.130 -2.0   2
     1245   6.075813  116.602336    15.995     -458.6      111.9    -2126.3    529.6    756.9    445.4 2019  2 10 20 45 25.260 -2.0   2
     1326   6.066077  116.615723    16.643     1023.3     -964.7    -1478.1    621.8    696.5    579.3 2019  2 14 11 12 43.370 -2.0   2
     1406   6.067196  116.618050    17.466     1281.5     -841.0     -655.6    437.2    583.9    426.1 2019  2 16 22  3 22.680 -2.0   2
     1567   6.070817  116.606323    17.907      -17.4     -440.5     -214.1    592.7    702.4    504.1 2019  2 22  5 19  2.840 -2.0   2
     1608   6.093627  116.613590    17.864      787.6     2081.9     -257.7    435.4    652.6    479.3 2019  2 23 14 37 49.670 -2.0   2
     1701   6.070803  116.612630    18.551      680.6     -442.0      429.7    532.4    761.7    614.2 2019  2 26 20 48 59.220 -2.0   2
     1837   6.075529  116.611296    18.649      533.5       80.6      527.3    634.3    713.6    499.0 2019  3  3  6 46 44.380 -2.0   2
     1855   6.091531  116.616602    17.879     1121.1     1850.1     -242.3    544.1    643.0    417.1 2019  3  3 21 52 54.880 -2.0   2
     1936   6.067553  116.611117    18.288      513.5     -801.5      166.1    386.9    459.2    446.3 2019  3  6 21 24 33.960 -2.0   2
     2010   6.093063  116.608944    17.990      272.9     2019.6     -132.0    447.4    559.0    402.0 2019  3  8 17 43 55.160 -2.0   2
     2097   6.077903  116.611613    20.452      568.7      343.1     2330.5    591.0    785.3    412.0 2019  3 11 12 27 19.860 -2.0   2
     2181   6.070941  116.601221    19.017     -581.8     -426.8      895.8    508.2    596.1    333.9 2019  3 14 15 47 45.970 -2.0   2
     2358   6.070283  116.596867    22.001    -1064.2     -499.6     3879.5    800.1    967.5    541.7 2019  3 19 15  5 14.600 -2.0   2
     2373   6.068486  116.604045    20.897     -269.4     -698.3     2775.5    553.6    606.7    429.7 2019  3 19 20 36 49.880 -2.0   2
     2830   6.095105  116.617098    18.126     1175.8     2245.4        4.7    484.5    544.7    329.3 2019  4  3  9 36 35.400 -2.0   2
     2885   6.067071  116.616390    16.768     1097.4     -854.8    -1353.6    496.9    706.3    711.7 2019  4  5 10 17 29.000 -2.0   2
     3008   6.051920  116.609554    18.386      340.6    -2530.3      264.6    475.3    723.6    495.0 2019  4 10  8 50 18.540 -2.0   2
     3043   6.073715  116.601099    14.942     -595.7     -120.0    -3179.4    470.6    798.8    629.8 2019  4 11 20 32 17.240 -2.0   2
     3400   6.070638  116.592122    18.315    -1589.4     -460.3      193.6    343.0    519.4    290.7 2019  4 26 15 26  8.320 -2.0   2
     3941   6.073039  116.594670    18.592    -1307.5     -194.8      470.2    352.6    597.1    232.8 2019  5 20 22  4 21.240 -2.0   2
     3987   6.071023  116.593221    18.878    -1467.2     -417.8      756.2    394.3    606.9    318.4 2019  5 22 15 55 24.960 -2.0   2
     4388   6.087708  116.612109    19.412      623.2     1427.3     1290.2    659.3    908.5    507.4 2019  6 10  7 27 55.240 -2.0   2
     4512   6.077663  116.593791    18.227    -1404.5      316.5      105.7    309.0    439.6    345.0 2019  6 15 13 32  9.740 -2.0   2
     4520   6.091217  116.602279    17.452     -464.7     1815.4     -669.8    549.9    418.5    381.3 2019  6 15 15 23 19.500 -2.0   2
     4547   6.083498  116.601196    16.075     -584.5      961.8    -2046.4    442.0    518.8    435.7 2019  6 16 19 44 42.480 -2.0   2
     4709   6.061090  116.597746    18.724     -966.7    -1516.2      602.7    747.0    761.5    394.4 2019  6 25 15  8 21.260 -2.0   2
     5002   6.074199  116.594653    18.989    -1308.7      -66.5      867.4    330.6    561.1    288.3 2019  7 10  8 47 12.270 -2.0   2
     5100   6.088541  116.602759    15.462     -411.5     1519.5    -2659.6    548.5    576.8    438.2 2019  7 14 18 33 16.040 -2.0   2
     5134   6.075581  116.591504    18.308    -1657.7       86.3      186.2    393.1    470.1    348.4 2019  7 17 17 59 58.320 -2.0   2
     5162   6.083469  116.611947    16.248      605.3      958.6    -1874.0    597.4    688.3    419.5 2019  7 18 19 18 32.160 -2.0   2
     5202   6.067761  116.606356    20.895      -13.1     -778.5     2773.3    454.1    550.0    442.7 2019  7 20 14  4 51.840 -2.0   2
     5327   6.058120  116.610075    21.140      398.4    -1844.7     3018.4    656.8   1045.0    510.2 2019  7 24 18 58 35.840 -2.0   2
     5741   6.074504  116.599316    16.852     -792.4      -32.8    -1269.3    547.7    492.8    559.8 2019  8 14  3 56 33.280 -2.0   2
     6079   6.058961  116.622176    17.895     1738.0    -1751.6     -226.8    652.6    783.3    598.2 2019 10  7 19 17  5.060 -2.0   2
     6089   6.059785  116.621558    17.019     1669.2    -1660.5    -1102.5    601.1    568.5    475.7 2019 10 11 10 14 43.620 -2.0   2
     6135   6.078346  116.615601    18.624     1010.2      392.1      502.3    698.0    754.2    627.3 2019 10 15 14 25 42.500 -2.0   2
     6738   6.066170  116.615479    16.070      996.5     -954.4    -2052.0    415.1    513.5    563.8 2019 11 17 16  4 56.790 -2.0   2
     7310   6.074794  116.599276    15.293     -797.2       -0.8    -2828.8    430.3    511.1    414.3 2019 12 15 23 27 30.920 -2.0   2
     7317   6.072499  116.592773    18.905    -1516.8     -254.5      783.6    255.0    543.4    339.9 2019 12 16  4 30 52.420 -2.0   2
