      256   6.089891  116.601782    17.091     -520.2     1668.8    -1030.6    671.8    712.4    712.2 2019  1  9 17 25 25.160 -2.0   2
      257   6.092971  116.592228    19.393    -1577.8     2009.3     1271.6    808.0   1204.3    618.1 2019  1  9 17 30 54.640 -2.0   2
      348   6.063190  116.617204    18.089     1187.2    -1283.9      -32.7    877.8   1221.0    689.4 2019  1 12 21 44 26.520 -2.0   2
      389   6.082945  116.591715    18.558    -1633.9      900.7      436.7    697.5    892.2    462.1 2019  1 14 15 49 13.950 -2.0   2
      391   6.085205  116.603410    18.113     -339.8     1150.6       -8.4   1208.1   1263.7    861.3 2019  1 14 17 14 42.300 -2.0   2
      450   6.072180  116.615373    17.454      984.7     -289.8     -667.2    969.5   1278.4   1006.6 2019  1 16  2 51 26.220 -2.0   2
      652   6.067954  116.618400    17.595     1319.4     -757.1     -527.0    701.5    799.1    668.2 2019  1 22 11 52 29.850 -2.0   2
      766   6.075199  116.626872    16.383     2257.8       44.1    -1738.7   1120.0   1536.1   1524.8 2019  1 25 10 56 53.530 -2.0   2
      851   6.052713  116.626115    19.038     2173.8    -2442.6      916.7   1141.2   1558.2   1224.4 2019  1 28 17 31  4.840 -2.0   2
      924   6.085418  116.593327    18.980    -1455.9     1174.1      858.2    820.0   1089.6    562.2 2019  1 30 22 28 39.660 -2.0   2
     1029   6.070016  116.599821    20.142     -736.5     -529.1     2020.6    734.6    419.9    525.7 2019  2  3 14 41 59.240 -2.0   2
     1137   6.069403  116.608561    18.097      231.0     -596.9      -24.1   1038.1    960.6    770.2 2019  2  7  9 20 52.130 -2.0   2
     1245   6.077591  116.604810    16.001     -185.0      308.6    -2120.2    902.8   1244.3    842.7 2019  2 10 20 45 25.260 -2.0   2
     1326   6.064077  116.613403    16.814      766.6    -1185.9    -1307.8   1035.0   1160.8   1015.2 2019  2 14 11 12 43.370 -2.0   2
     1406   6.067229  116.617725    17.488     1244.9     -837.3     -633.6    515.6    864.8    616.4 2019  2 16 22  3 22.680 -2.0   2
     1567   6.068638  116.606494    17.871        1.9     -681.6     -250.7   1024.8   1066.4    789.2 2019  2 22  5 19  2.840 -2.0   2
     1608   6.094716  116.612231    17.844      637.1     2202.4     -277.1    702.4    987.1    768.7 2019  2 23 14 37 49.670 -2.0   2
     1701   6.074541  116.610335    18.385      427.0      -28.7      263.0    925.9   1111.4    872.2 2019  2 26 20 48 59.220 -2.0   2
     1837   6.078012  116.607104    18.632       69.3      355.1      510.3   1126.3    952.5    825.8 2019  3  3  6 46 44.380 -2.0   2
     1855   6.093124  116.614819    17.854      923.4     2026.3     -267.8    633.5    931.7    652.3 2019  3  3 21 52 54.880 -2.0   2
     1936   6.068779  116.612093    18.210      621.6     -665.9       88.2    682.9    777.0    663.3 2019  3  6 21 24 33.960 -2.0   2
     2010   6.091065  116.608830    17.970      260.5     1798.6     -151.4    609.7    926.6    757.9 2019  3  8 17 43 55.160 -2.0   2
     2097   6.074732  116.610335    20.446      427.1       -7.6     2324.8    647.6   1326.0    624.5 2019  3 11 12 27 19.860 -2.0   2
     2181   6.073760  116.599430    18.995     -780.0     -115.1      873.0    703.7    846.4    504.9 2019  3 14 15 47 45.970 -2.0   2
     2358   6.069901  116.596533    22.055    -1100.5     -541.8     3933.3   1075.4   1088.9    824.8 2019  3 19 15  5 14.600 -2.0   2
     2373   6.065435  116.603361    20.992     -344.6    -1035.7     2870.7    644.2    700.1    659.9 2019  3 19 20 36 49.880 -2.0   2
     2830   6.093951  116.617017    18.160     1166.8     2117.7       38.1    531.4    583.1    521.8 2019  4  3  9 36 35.400 -2.0   2
     2885   6.069222  116.617017    16.662     1166.3     -616.9    -1460.0    793.3   1191.0   1278.8 2019  4  5 10 17 29.000 -2.0   2
     3008   6.054949  116.610181    18.289      410.2    -2195.3      167.9    749.6   1070.4    549.6 2019  4 10  8 50 18.540 -2.0   2
     3043   6.070046  116.601286    15.099     -574.9     -525.7    -3022.4    826.8   1269.0   1084.2 2019  4 11 20 32 17.240 -2.0   2
     3400   6.070074  116.592261    18.373    -1573.9     -522.7      251.3    505.4    787.0    476.2 2019  4 26 15 26  8.320 -2.0   2
     3941   6.069093  116.596102    18.592    -1148.2     -631.1      470.0    660.4   1001.4    447.2 2019  5 20 22  4 21.240 -2.0   2
     3987   6.071213  116.593717    18.952    -1412.4     -396.7      830.0    649.3    986.2    505.3 2019  5 22 15 55 24.960 -2.0   2
     4388   6.091776  116.612785    19.318      698.5     1877.2     1196.7    857.1   1065.8    626.0 2019  6 10  7 27 55.240 -2.0   2
     4512   6.077060  116.594385    18.207    -1339.0      249.9       85.4    516.7    641.1    530.0 2019  6 15 13 32  9.740 -2.0   2
     4520   6.091724  116.603573    17.395     -321.5     1871.5     -726.7    843.0    634.0    642.2 2019  6 15 15 23 19.500 -2.0   2
     4547   6.082752  116.602417    16.077     -449.4      879.4    -2044.5    652.6    851.8    727.2 2019  6 16 19 44 42.480 -2.0   2
     4709   6.064866  116.602661    18.709     -422.3    -1098.7      587.7   1214.4   1181.1    566.6 2019  6 25 15  8 21.260 -2.0   2
     5002   6.072631  116.594181    19.050    -1361.1     -239.9      928.0    564.7    834.7    388.8 2019  7 10  8 47 12.270 -2.0   2
     5100   6.090809  116.602262    15.410     -466.8     1770.3    -2711.5    750.2    899.1    636.5 2019  7 14 18 33 16.040 -2.0   2
     5134   6.075081  116.593286    18.299    -1460.4       31.0      177.7    883.7    782.5    540.6 2019  7 17 17 59 58.320 -2.0   2
     5162   6.081028  116.608952    16.327      273.7      688.6    -1795.0    921.1   1090.2    681.9 2019  7 18 19 18 32.160 -2.0   2
     5202   6.067513  116.606283    20.884      -21.3     -806.0     2762.4    684.2    873.6    970.4 2019  7 20 14  4 51.840 -2.0   2
     5327   6.068032  116.608716    21.068      247.6     -748.5     2946.4   1037.3   1643.3    915.8 2019  7 24 18 58 35.840 -2.0   2
     5741   6.073781  116.600594    16.812     -651.6     -112.7    -1309.4    888.4    715.6    792.7 2019  8 14  3 56 33.280 -2.0   2
     6079   6.061300  116.619010    17.984     1387.4    -1493.0     -137.6   1101.6   1315.6    939.8 2019 10  7 19 17  5.060 -2.0   2
     6089   6.063362  116.622046    16.963     1723.1    -1265.0    -1158.6   1002.1    993.7    652.8 2019 10 11 10 14 43.620 -2.0   2
     6135   6.073386  116.615291    18.655      975.4     -156.4      533.6   1195.7   1282.2   1027.3 2019 10 15 14 25 42.500 -2.0   2
     6738   6.064241  116.615291    16.105      976.0    -1167.8    -2016.7    777.4    972.4   1004.2 2019 11 17 16  4 56.790 -2.0   2
     7310   6.076260  116.598527    15.339     -879.7      161.4    -2782.9    506.0    842.8    772.8 2019 12 15 23 27 30.920 -2.0   2
     7317   6.070427  116.593164    18.975    -1473.6     -483.7      853.5    417.0    836.4    518.3 2019 12 16  4 30 52.420 -2.0   2
