      256   6.089775  116.602091    17.111     -485.6     1655.9    -1010.5    452.2    571.8    549.8 2019  1  9 17 25 25.160 -2.0   2
      257   6.092099  116.592196    19.444    -1581.4     1913.0     1322.9    712.5   1269.5    521.6 2019  1  9 17 30 54.640 -2.0   2
      348   6.065069  116.616423    18.104     1100.7    -1076.2      -17.3    694.9    774.0    543.3 2019  1 12 21 44 26.520 -2.0   2
      389   6.081945  116.591691    18.616    -1637.0      790.0      494.0    481.6    869.7    298.6 2019  1 14 15 49 13.950 -2.0   2
      391   6.086039  116.600334    18.102     -680.3     1242.8      -19.8    751.8    843.8    616.6 2019  1 14 17 14 42.300 -2.0   2
      450   6.074666  116.614543    17.289      892.9      -14.8     -832.1    609.5    939.1    813.7 2019  1 16  2 51 26.220 -2.0   2
      652   6.069495  116.616862    17.611     1149.1     -586.7     -510.6    560.0    753.4    542.0 2019  1 22 11 52 29.850 -2.0   2
      766   6.075532  116.628809    16.395     2472.3       80.8    -1726.6    780.9   1018.6    954.2 2019  1 25 10 56 53.530 -2.0   2
      851   6.049565  116.628540    19.058     2442.1    -2790.7      936.4    912.3   1085.7    853.8 2019  1 28 17 31  4.840 -2.0   2
      924   6.084433  116.593156    19.008    -1474.4     1065.2      886.8    497.9   1086.8    353.6 2019  1 30 22 28 39.660 -2.0   2
     1029   6.070036  116.598454    20.179     -888.5     -526.9     2057.4    585.8    574.2    394.3 2019  2  3 14 41 59.240 -2.0   2
     1137   6.068702  116.611182    18.099      520.6     -674.4      -22.5    765.5    864.0    584.1 2019  2  7  9 20 52.130 -2.0   2
     1245   6.076037  116.602954    16.004     -389.7      136.7    -2117.5    567.6    838.0    491.6 2019  2 10 20 45 25.260 -2.0   2
     1326   6.065489  116.615234    16.684      969.2    -1029.7    -1437.5    703.8    768.8    654.6 2019  2 14 11 12 43.370 -2.0   2
     1406   6.067163  116.617961    17.470     1271.3     -844.6     -651.7    475.9    638.0    480.3 2019  2 16 22  3 22.680 -2.0   2
     1567   6.070491  116.606291    17.892      -20.8     -476.6     -229.2    671.9    801.7    554.7 2019  2 22  5 19  2.840 -2.0   2
     1608   6.093788  116.613306    17.852      755.7     2099.7     -269.9    466.1    728.9    531.2 2019  2 23 14 37 49.670 -2.0   2
     1701   6.071748  116.612240    18.523      637.4     -337.6      401.9    597.3    850.0    677.8 2019  2 26 20 48 59.220 -2.0   2
     1837   6.076138  116.610498    18.646      445.0      147.9      524.4    710.5    785.2    553.0 2019  3  3  6 46 44.380 -2.0   2
     1855   6.091827  116.616195    17.875     1075.7     1882.9     -246.3    579.5    701.9    460.4 2019  3  3 21 52 54.880 -2.0   2
     1936   6.067803  116.611312    18.275      535.5     -773.9      153.1    432.7    512.9    479.4 2019  3  6 21 24 33.960 -2.0   2
     2010   6.092694  116.608789    17.982      256.2     1978.7     -140.0    513.6    615.3    472.1 2019  3  8 17 43 55.160 -2.0   2
     2097   6.077457  116.611304    20.454      533.9      293.7     2332.9    676.2    908.9    489.7 2019  3 11 12 27 19.860 -2.0   2
     2181   6.071577  116.600798    19.009     -628.9     -356.5      887.3    543.8    641.6    383.3 2019  3 14 15 47 45.970 -2.0   2
     2358   6.070138  116.596769    22.022    -1074.9     -515.7     3900.4    856.3   1042.7    632.8 2019  3 19 15  5 14.600 -2.0   2
     2373   6.067734  116.603841    20.913     -291.5     -781.5     2791.4    617.4    645.9    497.2 2019  3 19 20 36 49.880 -2.0   2
     2830   6.094862  116.617065    18.131     1171.9     2218.6        9.3    516.9    585.2    357.4 2019  4  3  9 36 35.400 -2.0   2
     2885   6.067561  116.616488    16.753     1108.5     -800.6    -1368.3    547.8    785.0    801.8 2019  4  5 10 17 29.000 -2.0   2
     3008   6.052504  116.609676    18.367      353.9    -2465.7      245.8    524.9    792.0    517.7 2019  4 10  8 50 18.540 -2.0   2
     3043   6.072880  116.601025    14.960     -603.4     -212.5    -3161.1    493.7    880.5    686.0 2019  4 11 20 32 17.240 -2.0   2
     3400   6.070540  116.592196    18.328    -1581.1     -471.1      206.6    370.0    571.3    319.2 2019  4 26 15 26  8.320 -2.0   2
     3941   6.072216  116.594930    18.594    -1278.4     -285.8      472.5    407.9    665.5    271.4 2019  5 20 22  4 21.240 -2.0   2
     3987   6.070975  116.593351    18.895    -1452.9     -423.1      773.1    443.7    676.2    352.9 2019  5 22 15 55 24.960 -2.0   2
     4388   6.088674  116.612231    19.395      636.5     1534.2     1273.9    711.1    930.3    541.2 2019  6 10  7 27 55.240 -2.0   2
     4512   6.077557  116.593937    18.222    -1388.6      304.8      100.0    358.7    484.9    376.9 2019  6 15 13 32  9.740 -2.0   2
     4520   6.091317  116.602629    17.443     -426.1     1826.5     -678.5    617.3    426.7    410.0 2019  6 15 15 23 19.500 -2.0   2
     4547   6.083380  116.601489    16.076     -552.2      948.7    -2046.0    484.0    574.9    484.9 2019  6 16 19 44 42.480 -2.0   2
     4709   6.061942  116.598796    18.720     -850.8    -1422.0      598.7    834.8    844.4    452.7 2019  6 25 15  8 21.260 -2.0   2
     5002   6.073782  116.594523    19.002    -1323.2     -112.7      880.2    369.4    607.9    303.0 2019  7 10  8 47 12.270 -2.0   2
     5100   6.089109  116.602596    15.449     -429.4     1582.3    -2672.6    581.0    615.9    472.9 2019  7 14 18 33 16.040 -2.0   2
     5134   6.075347  116.591756    18.305    -1629.9       60.4      183.6    454.8    544.4    388.9 2019  7 17 17 59 58.320 -2.0   2
     5162   6.083009  116.611287    16.265      532.7      907.8    -1856.4    663.0    765.7    456.7 2019  7 18 19 18 32.160 -2.0   2
     5202   6.067728  116.606266    20.881      -23.6     -782.2     2759.3    534.6    649.1    556.9 2019  7 20 14  4 51.840 -2.0   2
     5327   6.060130  116.609945    21.137      384.0    -1622.4     3015.6    768.8   1198.7    566.7 2019  7 24 18 58 35.840 -2.0   2
     5741   6.074325  116.599544    16.852     -767.4      -52.7    -1269.2    598.1    532.0    603.5 2019  8 14  3 56 33.280 -2.0   2
     6079   6.059369  116.621590    17.921     1672.8    -1706.5     -200.8    730.8    865.0    658.9 2019 10  7 19 17  5.060 -2.0   2
     6089   6.060448  116.621745    17.007     1690.4    -1587.2    -1114.6    671.8    645.1    520.9 2019 10 11 10 14 43.620 -2.0   2
     6135   6.077393  116.615405    18.619      988.4      286.6      497.8    774.3    839.7    699.6 2019 10 15 14 25 42.500 -2.0   2
     6738   6.065909  116.615389    16.072      986.2     -983.3    -2049.6    463.5    597.7    638.9 2019 11 17 16  4 56.790 -2.0   2
     7310   6.075032  116.599146    15.301     -811.7       25.5    -2820.6    497.9    572.9    459.0 2019 12 15 23 27 30.920 -2.0   2
     7317   6.072003  116.592896    18.925    -1503.7     -309.4      803.1    288.5    603.5    386.7 2019 12 16  4 30 52.420 -2.0   2
